u,u_AH,u_DD,u_TA,u_avg,m,m_AH,m_DD,m_TA,m_avg
2331661,0.0015625,0.000625,0.00125,0.00114583333333,19802495,0.0,0.0,0.0,0.0
102264325,0.0,0.0,0.0,0.0,621110578,0.00077101002313,0.00077101002313,0.0,0.000514006682087
109639963,0.0,0.0,0.0,0.0,1247733216,0.0,0.0,0.0,0.0
101614424,0.0003125,0.0009375,0.0003125,0.000520833333333,601050572,0.0,0.0,0.0,0.0
14701398,0.0,0.0,0.0,0.0,11850552,0.0,0.0,0.000698080279232,0.000232693426411
16826120,0.0,0.0,0.0,0.0,14140714,0.0,0.0,0.0,0.0
16655538,0.0,0.0,0.0,0.0,240909046,0.0,0.0,0.0,0.0
16151417,0.000625,0.0003125,0.0003125,0.000416666666667,364218004,0.0,0.0009375,0.0015625,0.000833333333333
7744872,0.0,0.0,0.0,0.0,86146896,0.0,0.0009375,0.0009375,0.000625
9464032,0.0003125,0.001875,0.0009375,0.00104166666667,28031373,0.000380228136882,0.000380228136882,0.000380228136882,0.000380228136882
16494614,0.0,0.0,0.0,0.0,9448482,0.0,0.00125234815279,0.000626174076393,0.000626174076394
1023530563,0.0,0.0,0.0,0.0,98928270,0.000317662007624,0.0,0.0,0.000105887335875
106396953,0.0,0.0,0.0,0.0,2188852928,0.0,0.0,0.0,0.0
14188726,0.000625,0.0003125,0.000625,0.000520833333333,19794823,0.0,0.0,0.0,0.0
696373,0.0003125,0.000625,0.0003125,0.000416666666667,58826916,0.000312989045383,0.000625978090767,0.000625978090767,0.000521648408972
15779668,0.0,0.000583430571762,0.00175029171529,0.000777907429017,946733918,0.0,0.0,0.0,0.0
15454141,0.0,0.0,0.0,0.0,81449012,0.0,0.000316255534472,0.000316255534472,0.000210837022981
102679354,0.0,0.0,0.0,0.0,29026171,0.000422119037569,0.000844238075137,0.000422119037569,0.000562825383425
9316452,0.0,0.0,0.0,0.0,15379361,0.0,0.0003125,0.0,0.000104166666667
1096691930,0.0,0.0,0.0,0.0,321765765,0.0,0.0,0.0,0.0
15165295,0.0003125,0.0003125,0.0,0.000208333333333,1447051,0.0,0.0009375,0.000625,0.000520833333333
15079599,0.000625,0.0009375,0.00125,0.0009375,58591661,0.0003125,0.0003125,0.0015625,0.000729166666667
107246962,0.0003125,0.0003125,0.0003125,0.0003125,21066564,0.0003125,0.0003125,0.0003125,0.0003125
9215822,0.0,0.0,0.0,0.0,18582282,0.0,0.0,0.0,0.0
15399280,0.0,0.0,0.0,0.0,102577234,0.000313873195229,0.000313873195229,0.000313873195229,0.000313873195229
16090307,0.0003125,0.0003125,0.000625,0.000416666666667,32466299,0.0,0.0003125,0.0,0.000104166666667
12311502,0.000597728631201,0.0,0.0011954572624,0.0005977286312,21584886,0.0,0.0,0.0,0.0
15964765,0.0,0.0,0.0,0.0,2248982805,0.0,0.0,0.0,0.0
14954230,0.000833680700292,0.0,0.000833680700292,0.000555787133528,15504883,0.0003125,0.0003125,0.0,0.000208333333333
9644292,0.0,0.0003125,0.0,0.000104166666667,16145806,0.0,0.0,0.0,0.0
15272034,0.0003125,0.0015625,0.0015625,0.00114583333333,76160353,0.0,0.000697836706211,0.0,0.000232612235404
16486740,0.0,0.0,0.0,0.0,28493793,0.000379939209726,0.00151975683891,0.0,0.000633232016212
868851,0.0,0.0,0.0,0.0,33914283,0.0003125,0.0003125,0.0,0.000208333333333
14577027,0.0,0.0,0.0,0.0,65449550,0.0,0.0,0.0,0.0
8698052,0.0,0.0,0.0003125,0.000104166666667,25363479,0.0,0.0,0.0,0.0
16568344,0.0,0.0,0.0,0.0,244818597,0.0,0.0,0.0,0.0
16293106,0.0,0.000625,0.0003125,0.0003125,24322218,0.000447227191413,0.000894454382826,0.000894454382826,0.000745378652355
14727898,0.0,0.0,0.0,0.0,227767527,0.0003125,0.0,0.0009375,0.000416666666667
10290652,0.0,0.0003125,0.0,0.000104166666667,18965534,0.0,0.000406173842405,0.000406173842405,0.000270782561603
14295217,0.0,0.0021875,0.0003125,0.000833333333333,20149263,0.0,0.0003125,0.000625,0.0003125
7894312,0.0,0.0009375,0.0003125,0.000416666666667,14089394,0.0,0.0,0.0,0.0
15549696,0.0,0.000625,0.0009375,0.000520833333333,173216343,0.0,0.0,0.0,0.0
15937205,0.0,0.0,0.0,0.0,14538587,0.0,0.000937793060331,0.000312597686777,0.000416796915703
108032638,0.0,0.0003125,0.0,0.000104166666667,38117147,0.0003125,0.000625,0.000625,0.000520833333333
796204,0.0,0.0,0.0,0.0,754873,0.0,0.00090991810737,0.0,0.00030330603579
13931552,0.0,0.0003125,0.000625,0.0003125,23646605,0.0003125,0.000625,0.0003125,0.000416666666667
5366432,0.0003125,0.0003125,0.0,0.000208333333333,252833871,0.0,0.0,0.0,0.0
17902903,0.000313479623824,0.000940438871473,0.000626959247649,0.000626959247649,15988366,0.0,0.0003125,0.0009375,0.000416666666667
2579501,0.0003125,0.0003125,0.0,0.000208333333333,58582256,0.0003125,0.0003125,0.000625,0.000416666666667
711993,0.0,0.0,0.0,0.0,23009028,0.0,0.0,0.0,0.0
7464012,0.0,0.0,0.0,0.0,635648899,0.0,0.0,0.0,0.0
1049509207,0.0,0.0,0.0,0.0,71227094,0.0,0.0,0.0,0.0
10646292,0.0,0.0,0.0,0.0,22522548,0.0,0.0,0.0,0.0
16726590,0.0,0.000625,0.000625,0.000416666666667,16076093,0.000512820512821,0.000512820512821,0.0,0.000341880341881
104067361,0.0,0.0,0.0,0.0,492879213,0.00106951871658,0.00106951871658,0.00160427807487,0.00124777183601
101643141,0.0,0.0,0.0,0.0,359440303,0.0,0.0,0.0,0.0
16243371,0.0,0.0,0.0,0.0,18875363,0.0,0.0,0.0,0.0
15067807,0.0,0.0003125,0.0003125,0.000208333333333,267225946,0.0,0.0,0.0,0.0
15019557,0.0,0.0,0.0,0.0,24981233,0.0,0.0,0.0,0.0
15327423,0.0003125,0.0003125,0.000625,0.000416666666667,15905278,0.0003125,0.0,0.0,0.000104166666667
15282914,0.0,0.0,0.0003125,0.000104166666667,17521587,0.0,0.0,0.0,0.0
15780421,0.0,0.0,0.0,0.0,1302381,0.0,0.0003125,0.000625,0.0003125
13837052,0.0,0.0015625,0.000625,0.000729166666667,14411653,0.00048828125,0.0,0.0009765625,0.00048828125
16526792,0.0,0.0,0.0,0.0,248251149,0.0,0.0,0.0,0.0
14841678,0.0,0.0015625,0.0015625,0.00104166666667,28161575,0.0,0.0,0.0,0.0
106520701,0.0,0.0,0.0,0.0,132241846,0.0,0.0,0.0,0.0
14440342,0.0,0.0,0.0,0.0,739823,0.0,0.000455373406193,0.0,0.000151791135398
110738370,0.0,0.0,0.0,0.0,179599671,0.0,0.0,0.0,0.0
14378083,0.0,0.000373273609556,0.00111982082867,0.000497698146075,24499006,0.0,0.000321027287319,0.000963081861958,0.000428036383092
15070256,0.0003125,0.0003125,0.0003125,0.0003125,78899682,0.0003125,0.001875,0.000625,0.0009375
16939849,0.0,0.0,0.0003125,0.000104166666667,463134137,0.0,0.00175746924429,0.0,0.00058582308143
14213706,0.0003125,0.0003125,0.0009375,0.000520833333333,16144675,0.0,0.0009375,0.000625,0.000520833333333
18066814,0.0,0.0003125,0.0,0.000104166666667,22777708,0.0,0.0,0.0,0.0
14381635,0.0,0.0,0.000312793243666,0.000104264414555,14125580,0.0,0.0,0.0,0.0
11284462,0.00039169604387,0.00039169604387,0.0,0.000261130695913,3730001,0.000632711167352,0.000632711167352,0.000949066751028,0.000738163028577
11949732,0.0,0.0,0.0,0.0,259449883,0.0003125,0.000625,0.0009375,0.000625
14869120,0.0,0.0,0.0,0.0,301717213,0.0,0.0,0.0,0.0
12696582,0.0,0.0003125,0.0,0.000104166666667,4621031,0.000315159155373,0.000315159155373,0.0,0.000210106103582
16790103,0.0,0.00124429697221,0.00124429697221,0.000829531314807,36116646,0.0,0.0003125,0.0003125,0.000208333333333
14668917,0.0,0.00215517241379,0.0,0.000718390804597,16426053,0.0,0.0,0.0,0.0
16740395,0.0,0.000313971742543,0.000627943485086,0.000313971742543,44206801,0.0,0.0,0.0,0.0
15324423,0.00144248106744,0.000721240533718,0.00144248106744,0.0012020675562,18977759,0.000314861460957,0.000629722921914,0.000629722921914,0.000524769101595
106498932,0.0,0.0,0.0003125,0.000104166666667,16545358,0.0003125,0.0003125,0.0003125,0.0003125
16244374,0.0,0.000313087038197,0.000313087038197,0.000208724692131,48170427,0.0,0.00178465199286,0.00118976799524,0.000991473329367
14883625,0.0003125,0.0009375,0.000625,0.000625,65188654,0.0,0.0,0.0,0.0
15650234,0.0,0.0,0.0,0.0,621403263,0.0,0.000858000858001,0.000858000858001,0.000572000572001
15287663,0.0003125,0.0,0.000625,0.0003125,14298131,0.0,0.0003125,0.0,0.000104166666667
12100282,0.0,0.0,0.0,0.0,59210390,0.0,0.0,0.0,0.0
15098303,0.0,0.0,0.0,0.0,62462658,0.0,0.0,0.0,0.0
15616358,0.0,0.0,0.0,0.0,24455362,0.0,0.0,0.0,0.0
1185921,0.0,0.0,0.0,0.0,182276809,0.0,0.0,0.0,0.0
79043,0.0,0.0003125,0.0009375,0.000416666666667,8978022,0.0,0.0009375,0.0015625,0.000833333333333
15519616,0.0003125,0.0003125,0.0,0.000208333333333,18131112,0.0,0.0,0.000378214826021,0.000126071608674
16081882,0.0,0.000626762770291,0.000626762770291,0.000417841846861,293520755,0.0,0.00375939849624,0.0,0.00125313283208
16533954,0.0,0.0,0.0,0.0,20744082,0.0,0.0,0.0,0.0
12382092,0.0,0.0,0.0,0.0,1710623857,0.0,0.0,0.0,0.0
111110037,0.000314366551399,0.000314366551399,0.000628733102798,0.000419155401865,171373025,0.0,0.0003125,0.0003125,0.000208333333333
17909836,0.0,0.0,0.0,0.0,4238681,0.0,0.0,0.0,0.0
102568855,0.0,0.000625,0.000625,0.000416666666667,23194967,0.0,0.0,0.0,0.0
6686662,0.0,0.0,0.0,0.0,29239820,0.0,0.0,0.0,0.0
14638696,0.0,0.0003125,0.0,0.000104166666667,303058612,0.0,0.0,0.0,0.0
14590967,0.0,0.0,0.0,0.0,241840562,0.0,0.0,0.0,0.0
13755232,0.0,0.0,0.000822368421053,0.000274122807018,9824462,0.0,0.00127551020408,0.0,0.000425170068027
16996812,0.0,0.0,0.0,0.0,17007060,0.0,0.0,0.0,0.0
16674258,0.0,0.0,0.0003125,0.000104166666667,230288598,0.0,0.0,0.0,0.0
4957631,0.0,0.0,0.0,0.0,331997590,0.0,0.0,0.0,0.0
16062261,0.0,0.0,0.0,0.0,1606683882,0.0,0.0,0.0,0.0
15997137,0.0,0.0,0.0,0.0,1660509218,0.0,0.0,0.0,0.0
14882929,0.0,0.000625,0.0,0.000208333333333,132019311,0.0,0.0,0.0,0.0
3328331,0.0003125,0.0,0.000625,0.0003125,1591711,0.0,0.0009375,0.00125,0.000729166666667
11953602,0.0,0.0,0.0,0.0,16141481,0.0003125,0.0,0.0,0.000104166666667
15086730,0.000625,0.0009375,0.0009375,0.000833333333333,117503294,0.0,0.0,0.000625,0.000208333333333
14584933,0.0003125,0.0009375,0.001875,0.00104166666667,29912142,0.0,0.0,0.0,0.0
7190352,0.0,0.0,0.0,0.0,229333311,0.0,0.0,0.0,0.0
14531598,0.0,0.0,0.000443655723159,0.000147885241053,74662686,0.0,0.0,0.0,0.0
17434534,0.0,0.0,0.0,0.0,154382081,0.0,0.0,0.0,0.0
8853502,0.0,0.0,0.0,0.0,415015228,0.0,0.0,0.0,0.0
9461802,0.0003125,0.001875,0.0015625,0.00125,287732630,0.0003125,0.0028125,0.00125,0.00145833333333
16075476,0.0,0.000685400959561,0.0,0.00022846698652,33958035,0.0,0.0,0.0,0.0
17518998,0.0,0.0,0.0,0.0,26425503,0.0,0.0,0.00084388185654,0.00028129395218
15657263,0.0003861003861,0.0,0.0,0.0001287001287,14858726,0.0,0.0,0.0,0.0
16917949,0.0003125,0.0003125,0.0003125,0.0003125,838522020,0.0,0.0,0.0,0.0
1027412222,0.0,0.000426439232409,0.0,0.000142146410803,18440685,0.0,0.00035765379113,0.00035765379113,0.000238435860753
14316456,0.000639590661976,0.000959385992965,0.0,0.000532992218314,36771896,0.000625,0.0,0.000625,0.000416666666667
16913588,0.0,0.0,0.0,0.0,23378408,0.0,0.0,0.0,0.0
101784496,0.0,0.0,0.0,0.0,466580845,0.0,0.0,0.0,0.0
17074790,0.0,0.0,0.0,0.0,594422988,0.0,0.0,0.0,0.0
6510222,0.0,0.0,0.0,0.0,282776406,0.0,0.0,0.0,0.0
15461742,0.0,0.000625,0.0,0.000208333333333,306897327,0.0,0.0,0.0,0.0
15369953,0.0,0.00031318509239,0.00031318509239,0.000208790061593,103876997,0.0,0.000507614213198,0.0,0.000169204737733
15888117,0.0,0.000625978090767,0.00093896713615,0.000521648408972,14983638,0.000312695434647,0.000312695434647,0.0,0.000208463623098
15046435,0.000638773554775,0.000958160332162,0.000319386777387,0.000638773554775,39061432,0.0,0.0,0.0,0.0
16685679,0.0,0.0,0.0,0.0,39057311,0.0,0.0,0.0003125,0.000104166666667
17997493,0.0,0.0009375,0.000625,0.000520833333333,17792890,0.0,0.0,0.0,0.0
10920842,0.0,0.0,0.0,0.0,16233647,0.0,0.0,0.0,0.0
110433383,0.0,0.0,0.0,0.0,15378848,0.0,0.0,0.0010111223458,0.000337040781933
15686622,0.0003125,0.0015625,0.000625,0.000833333333333,20487182,0.0003125,0.000625,0.000625,0.000520833333333
14980449,0.0,0.0,0.0,0.0,4250951,0.0,0.0,0.0,0.0
11548512,0.0,0.0,0.000625,0.000208333333333,213487711,0.0,0.00031318509239,0.000939555277169,0.000417580123186
1733621,0.0003125,0.0,0.0009375,0.000416666666667,32750677,0.0,0.0,0.0,0.0
107154340,0.0,0.000788643533123,0.00118296529968,0.000657202944268,50412653,0.0,0.00189393939394,0.0,0.000631313131313
101609061,0.0,0.0,0.0,0.0,160940622,0.0,0.0,0.0,0.0
105187363,0.0,0.0,0.0,0.0,292730317,0.0,0.0,0.0,0.0
16076444,0.0,0.0003125,0.000625,0.0003125,22802981,0.0,0.000720201656464,0.0010803024847,0.000600168047055
111151851,0.0,0.0,0.00194741966894,0.000649139889647,39313116,0.0,0.000357909806729,0.000715819613457,0.000357909806729
16284868,0.000318775900542,0.000637551801084,0.000637551801084,0.00053129316757,521900772,0.0,0.0,0.0,0.0
16314567,0.0,0.000636537237428,0.000636537237428,0.000424358158285,312213840,0.0,0.0,0.0,0.0
14176205,0.0,0.0,0.0,0.0,14827338,0.0,0.0,0.0,0.0
12618652,0.0,0.0003125,0.0,0.000104166666667,18460854,0.0,0.0,0.0,0.0
772681,0.0,0.00093984962406,0.00031328320802,0.000417710944027,9075622,0.0,0.0003125,0.0,0.000104166666667
14362281,0.0,0.0,0.0,0.0,467785814,0.0,0.000384911470362,0.0,0.000128303823454
107655144,0.0,0.0,0.0,0.0,410470766,0.0,0.0,0.0,0.0
1878461,0.0,0.0,0.0,0.0,8705472,0.000718648939993,0.0,0.0,0.000239549646664
7170552,0.0,0.0003125,0.0003125,0.000208333333333,18488356,0.0,0.0,0.0,0.0
1102400004,0.0,0.0,0.0,0.0,231649158,0.0,0.0,0.0,0.0
10198562,0.0,0.0,0.0,0.0,569426821,0.0,0.0,0.0,0.0
15980436,0.0,0.00102634279849,0.000342114266165,0.000456152354885,231954529,0.0,0.0,0.0,0.0
17418107,0.0,0.0003125,0.0003125,0.000208333333333,79757665,0.0,0.0,0.0,0.0
15081912,0.0,0.0,0.0,0.0,18312906,0.0,0.000616903146206,0.000616903146206,0.000411268764137
107794125,0.0,0.0,0.000315855969678,0.000105285323226,25782605,0.000334001336005,0.000334001336005,0.000334001336005,0.000334001336005
15343190,0.000625,0.0009375,0.0021875,0.00125,23714210,0.0,0.0,0.0,0.0
16107938,0.0,0.000834724540902,0.0,0.000278241513634,37758565,0.0,0.0,0.0,0.0
3253291,0.0,0.0,0.0,0.0,322640325,0.0,0.0,0.000414421881475,0.000138140627158
14059991,0.0,0.0009375,0.0009375,0.000625,43965991,0.0,0.0,0.0,0.0
16039517,0.0,0.0,0.0,0.0,32678585,0.0,0.0,0.0,0.0
17131461,0.0,0.000312597686777,0.000312597686777,0.000208398457851,28728887,0.0,0.0,0.0,0.0
16407278,0.0,0.0,0.0,0.0,164687069,0.0,0.0,0.0,0.0
716203,0.0,0.0,0.0,0.0,13288592,0.0,0.0,0.000487329434698,0.000162443144899
14295550,0.0,0.000625,0.0003125,0.0003125,181961372,0.0003125,0.0003125,0.000625,0.000416666666667
14383744,0.000312597686777,0.000312597686777,0.0,0.000208398457851,32970910,0.0,0.0009375,0.0,0.0003125
18088714,0.0,0.0,0.0,0.0,16374154,0.000359066427289,0.000359066427289,0.000359066427289,0.000359066427289
14449208,0.000379939209726,0.0,0.0,0.000126646403242,14397300,0.0003125,0.0003125,0.0003125,0.0003125
15386213,0.0,0.0,0.0,0.0,240424720,0.0,0.0,0.0,0.0
661663,0.000714285714286,0.000714285714286,0.00178571428571,0.00107142857143,53527083,0.0,0.0,0.0,0.0
14349125,0.0,0.0,0.000625,0.000208333333333,12009262,0.0,0.0003125,0.0,0.000104166666667
1016539345,0.0,0.0,0.0,0.0,17857390,0.0,0.0,0.0,0.0
3573051,0.0,0.0,0.0,0.0,1034951,0.0,0.000611620795107,0.0,0.000203873598369
14540548,0.0003125,0.000625,0.0003125,0.000416666666667,21723707,0.000337154416723,0.000674308833446,0.000674308833446,0.000561924027872
16736551,0.000625,0.0021875,0.00125,0.00135416666667,60538003,0.0,0.0,0.0,0.0
14125309,0.0003125,0.0,0.0003125,0.000208333333333,39588285,0.0,0.0,0.0,0.0
15821042,0.0,0.0,0.0,0.0,330475112,0.0,0.0003125,0.0,0.000104166666667
16043494,0.0,0.0,0.0,0.0,16467958,0.0003125,0.000625,0.000625,0.000520833333333
15175001,0.0,0.000457875457875,0.000457875457875,0.00030525030525,19277704,0.0,0.0,0.0,0.0
7403662,0.0,0.000557103064067,0.00111420612813,0.000557103064066,14310461,0.0,0.0,0.0,0.0
15105190,0.000424268137463,0.0,0.000424268137463,0.000282845424975,332034473,0.0,0.0,0.0,0.0
5042791,0.000625,0.0003125,0.0003125,0.000416666666667,24769620,0.0003125,0.0003125,0.0,0.000208333333333
111628992,0.0,0.000626174076393,0.000313087038197,0.000313087038197,37745464,0.0,0.0,0.0,0.0
4610,0.0,0.0,0.0,0.0,14960386,0.0,0.0,0.0,0.0
15117465,0.0,0.00103305785124,0.0,0.00034435261708,21792652,0.0,0.0,0.0,0.0
16221314,0.000389105058366,0.00194552529183,0.000389105058366,0.000907911802854,35530388,0.000328407224959,0.0,0.0,0.000109469074986
110039437,0.0,0.0,0.0,0.0,46267984,0.0,0.0,0.0,0.0
15859900,0.0,0.0,0.0,0.0,17872325,0.0,0.0,0.0,0.0
1036307198,0.0,0.0,0.0,0.0,71581571,0.0,0.0,0.0,0.0
17404331,0.0,0.000853242320819,0.0,0.00028441410694,82506968,0.00031328320802,0.0,0.00031328320802,0.000208855472013
5500152,0.0,0.0,0.0,0.0,9887102,0.0,0.0,0.0,0.0
15620548,0.000447227191413,0.000447227191413,0.0,0.000298151460942,57305941,0.0,0.0,0.0,0.0
16482862,0.0,0.0,0.0,0.0,25910027,0.000334001336005,0.000668002672011,0.00133600534402,0.000779336450679
14023752,0.0,0.000627155848228,0.000627155848228,0.000418103898819,322742783,0.0,0.000625,0.000625,0.000416666666667
6277422,0.0,0.0,0.000663129973475,0.000221043324492,399129501,0.0,0.000337952010814,0.0,0.000112650670271
14457321,0.0003125,0.00125,0.0009375,0.000833333333333,1144581,0.0003125,0.0,0.0,0.000104166666667
101651543,0.0,0.000521920668058,0.0,0.000173973556019,389848059,0.0,0.0,0.0,0.0
15014195,0.0,0.0,0.0,0.0,240940403,0.0,0.0,0.0,0.0
778278,0.0,0.000556792873051,0.000556792873051,0.000371195248701,270437687,0.0,0.0,0.0,0.0
16047399,0.0,0.0003125,0.0,0.000104166666667,9376612,0.000502512562814,0.000502512562814,0.000502512562814,0.000502512562814
1224191,0.0,0.0,0.0,0.0,529574531,0.0,0.0,0.0,0.0
14655642,0.0,0.0003125,0.0,0.000104166666667,19373668,0.0,0.000313381385146,0.0,0.000104460461715
14096489,0.0,0.0,0.0003125,0.000104166666667,29839532,0.0,0.0,0.000755287009063,0.000251762336354
16484978,0.0,0.0003125,0.0003125,0.000208333333333,24097446,0.0,0.0,0.0,0.0
14485632,0.000356252226576,0.000356252226576,0.000712504453153,0.000475002968768,224825070,0.0,0.0,0.0003125,0.000104166666667
14833910,0.0,0.0,0.0,0.0,16143258,0.0,0.000625,0.0,0.000208333333333
12228432,0.0,0.0,0.0,0.0,24072415,0.0003125,0.0009375,0.001875,0.00104166666667
15488813,0.0003125,0.000625,0.0,0.0003125,346126684,0.0,0.0,0.0,0.0
16568592,0.0,0.0,0.0,0.0,611371755,0.0,0.0,0.0,0.0
14894995,0.0,0.0,0.0,0.0,47377779,0.0,0.0,0.0,0.0
17059176,0.0,0.0,0.0,0.0,30014205,0.0,0.000932400932401,0.0004662004662,0.0004662004662
111730173,0.0,0.0,0.000341763499658,0.000113921166553,16280059,0.0,0.0,0.0,0.0
107271920,0.0,0.00100050025013,0.0,0.000333500083377,2319560335,0.0,0.0,0.0,0.0
14734445,0.0,0.0003125,0.000625,0.0003125,10984582,0.000312793243666,0.000312793243666,0.000312793243666,0.000312793243666
14910868,0.0,0.0,0.0,0.0,21970052,0.0,0.0,0.00127877237852,0.000426257459507
16521461,0.0003125,0.000625,0.00125,0.000729166666667,13536042,0.0,0.0,0.0,0.0
105515885,0.0,0.0,0.0,0.0,76401593,0.0,0.0,0.0,0.0
5699752,0.0,0.0,0.0,0.0,14157559,0.0,0.0,0.0,0.0
14958060,0.0,0.0,0.0,0.0,20367824,0.0003125,0.00125,0.0009375,0.000833333333333
15657636,0.000399042298484,0.000798084596967,0.0,0.000399042298484,15040299,0.0,0.0,0.0,0.0
7912002,0.0,0.000625,0.0,0.000208333333333,15400119,0.000625,0.0,0.0009375,0.000520833333333
15664541,0.0,0.000312891113892,0.000312891113892,0.000208594075928,16122463,0.0,0.000625,0.0,0.000208333333333
109919865,0.0,0.00125,0.0003125,0.000520833333333,25125609,0.0,0.0,0.0,0.0
7769542,0.0003125,0.0009375,0.0009375,0.000729166666667,46401017,0.0,0.000528541226216,0.0,0.000176180408739
8129332,0.0,0.0,0.0,0.0,8461972,0.000359324469996,0.00143729787999,0.00107797340999,0.000958198586659
1939681,0.0,0.0003125,0.0003125,0.000208333333333,34953,0.0,0.0,0.0,0.0
10164402,0.0003125,0.0,0.0,0.000104166666667,87103923,0.0003125,0.0,0.000625,0.0003125
107481941,0.000381970970206,0.000381970970206,0.000381970970206,0.000381970970206,187447902,0.0,0.0,0.0,0.0
657653,0.0,0.0003125,0.0003125,0.000208333333333,20989128,0.000413052457662,0.00165220983065,0.000413052457662,0.000826104915325
697843,0.0,0.0,0.0,0.0,102444625,0.0,0.0,0.0,0.0
16292041,0.0,0.0,0.0,0.0,21317572,0.0,0.0,0.0,0.0
109462459,0.0,0.0,0.0,0.0,408691010,0.0,0.0,0.0,0.0
7238102,0.0,0.0,0.0,0.0,6632012,0.0,0.000625,0.000625,0.000416666666667
16931308,0.000626174076393,0.00125234815279,0.000626174076393,0.000834898768525,61112155,0.0,0.000371333085778,0.0,0.000123777695259
740493,0.0,0.0003125,0.0,0.000104166666667,15780886,0.0,0.000780640124902,0.000780640124902,0.000520426749935
109608911,0.0,0.0,0.0,0.0,1478847912,0.000314267756128,0.000314267756128,0.000314267756128,0.000314267756128
14057722,0.0,0.0,0.0003125,0.000104166666667,314085388,0.0,0.00149253731343,0.0,0.00049751243781
15575912,0.0,0.0003125,0.0,0.000104166666667,18086814,0.0,0.000729927007299,0.0,0.000243309002433
16679137,0.000467289719626,0.0,0.0,0.000155763239875,18462252,0.0,0.000625,0.000625,0.000416666666667
14814400,0.0003125,0.0,0.000625,0.0003125,24359297,0.000625,0.000625,0.0009375,0.000729166666667
7895232,0.0,0.0,0.0,0.0,33258227,0.0,0.0,0.0,0.0
14851897,0.0,0.0009375,0.0015625,0.000833333333333,24911501,0.0,0.0,0.0,0.0
16175061,0.00031328320802,0.00031328320802,0.00031328320802,0.00031328320802,21346023,0.0003125,0.0015625,0.0009375,0.0009375
15862808,0.0,0.00032154340836,0.0,0.00010718113612,21679555,0.0,0.0,0.0003125,0.000104166666667
14451152,0.0003125,0.0003125,0.0,0.000208333333333,277354010,0.0,0.0,0.0,0.0
15356413,0.0,0.0,0.0,0.0,78627993,0.0,0.0,0.0,0.0
9837852,0.0,0.0,0.0,0.0,14819012,0.0,0.000625,0.0,0.000208333333333
33483,0.0,0.00114810562572,0.000574052812859,0.00057405281286,11677,0.0,0.0,0.000625,0.000208333333333
4794521,0.0,0.0,0.0,0.0,5538102,0.0,0.0003125,0.0003125,0.000208333333333
18030292,0.0,0.000313676286073,0.000313676286073,0.000209117524049,118773837,0.0,0.0,0.0,0.0
680723,0.0,0.0,0.0,0.0,123298926,0.0,0.0,0.0,0.0
11763132,0.0,0.0003125,0.0,0.000104166666667,87742918,0.0,0.0,0.0,0.0
14245427,0.0,0.0,0.0,0.0,597501503,0.0,0.0,0.0,0.0
15200056,0.0,0.000625,0.0,0.000208333333333,20078633,0.000768639508071,0.000768639508071,0.0,0.000512426338714
101854650,0.0,0.0,0.000767165324127,0.000255721774709,566800820,0.0,0.0,0.0,0.0
14728079,0.0009375,0.0003125,0.000625,0.000625,4802221,0.000625,0.00125,0.000625,0.000833333333333
15370885,0.0003125,0.0009375,0.0003125,0.000520833333333,250802936,0.0,0.0003125,0.000625,0.0003125
15566370,0.0,0.0,0.0,0.0,6043952,0.0,0.0003125,0.000625,0.0003125
14713195,0.0,0.0009375,0.0,0.0003125,29243464,0.0,0.00125,0.0003125,0.000520833333333
15456582,0.0,0.0,0.0,0.0,18710678,0.0003125,0.0009375,0.00125,0.000833333333333
16976167,0.0,0.0,0.0,0.0,18205134,0.0,0.0003125,0.0003125,0.000208333333333
1022972708,0.0,0.0,0.0,0.0,792653718,0.0,0.00126823081801,0.000317057704502,0.000528429507504
15015487,0.0,0.0,0.0,0.0,33568740,0.0,0.0,0.0,0.0
7109242,0.0,0.0,0.0,0.0,6667732,0.0,0.0,0.000714796283059,0.000238265427686
16790492,0.0,0.000625,0.0,0.000208333333333,40979138,0.0003125,0.000625,0.0003125,0.000416666666667
16482183,0.0,0.00062656641604,0.00031328320802,0.00031328320802,375216334,0.000637755102041,0.000956632653061,0.0,0.000531462585034
14986113,0.0,0.00125,0.0009375,0.000729166666667,21607561,0.0,0.00127713920817,0.00127713920817,0.00085142613878
18095165,0.0,0.0,0.0,0.0,23214041,0.0,0.0,0.0,0.0
15050533,0.0003125,0.0009375,0.0,0.000416666666667,337894983,0.0,0.00102564102564,0.00102564102564,0.00068376068376
14874521,0.0,0.000630119722747,0.000315059861374,0.000315059861374,240799228,0.0,0.0003125,0.0003125,0.000208333333333
14610325,0.0,0.0,0.0,0.0,18066898,0.0,0.0,0.0,0.0
14803274,0.0015625,0.0028125,0.00125,0.001875,308676144,0.0,0.0,0.0,0.0
8514472,0.0,0.0003125,0.0003125,0.000208333333333,1547541,0.0,0.0,0.000378787878788,0.000126262626263
5444902,0.0,0.000625,0.0,0.000208333333333,20214975,0.0,0.0,0.0,0.0
9160012,0.00031887755102,0.0,0.00031887755102,0.000212585034013,14059039,0.0,0.000312597686777,0.0,0.000104199228926
14115537,0.0,0.000850340136054,0.00127551020408,0.000708616780045,560578609,0.0,0.0,0.0,0.0
110853657,0.000416840350146,0.000416840350146,0.000416840350146,0.000416840350146,18732741,0.0,0.000750187546887,0.000750187546887,0.000500125031258
15403426,0.0003125,0.0003125,0.0009375,0.000520833333333,2294824502,0.0,0.0,0.0,0.0
14134744,0.0,0.0,0.0,0.0,35026123,0.0,0.0,0.0,0.0
14461297,0.0,0.0,0.0,0.0,14712912,0.0,0.0,0.0,0.0
6247702,0.0,0.0,0.0,0.0,31383512,0.0,0.0,0.0,0.0
15743433,0.0,0.000625,0.0,0.000208333333333,19476163,0.0,0.0003125,0.0003125,0.000208333333333
7110432,0.0,0.0,0.000842459983151,0.000280819994384,7405522,0.0,0.0,0.0,0.0
786836,0.0,0.00093808630394,0.0,0.000312695434647,325919893,0.0,0.0,0.0,0.0
17025283,0.0,0.0,0.0,0.0,110629726,0.0,0.0,0.0,0.0
14153491,0.0003125,0.00125,0.0003125,0.000625,2090761,0.0003125,0.0,0.0,0.000104166666667
14947842,0.000313676286073,0.00125470514429,0.000627352572146,0.00073191133417,361278957,0.0,0.0,0.0003125,0.000104166666667
2302011,0.0,0.0,0.0,0.0,229504051,0.0,0.000343878954608,0.0,0.000114626318203
14091934,0.0,0.0,0.0,0.0,19878777,0.0,0.0,0.0,0.0
14969949,0.0,0.0003125,0.0,0.000104166666667,13710542,0.0,0.0,0.0,0.0
15935090,0.0,0.0,0.0,0.0,13746182,0.0,0.000454545454545,0.00136363636364,0.000606060606062
104227032,0.0,0.0,0.0,0.0,869320926,0.0,0.0,0.0,0.0
16061466,0.0,0.0,0.0,0.0,207130790,0.0,0.0,0.0,0.0
102737360,0.0,0.0,0.0,0.0,32584493,0.0,0.0,0.0,0.0
15305338,0.000625,0.0015625,0.0015625,0.00125,4359601,0.0,0.000625,0.0003125,0.0003125
14393117,0.0,0.0,0.0,0.0,60819490,0.0,0.0,0.0,0.0
10957612,0.0,0.000936329588015,0.0,0.000312109862672,278005891,0.0,0.0,0.0,0.0
15808174,0.0,0.000625,0.0003125,0.0003125,207707767,0.0,0.0,0.0,0.0
14241311,0.0,0.0,0.0003125,0.000104166666667,1948021,0.0015625,0.00125,0.0025,0.00177083333333
15310950,0.0003125,0.0003125,0.0,0.000208333333333,18367075,0.0,0.0,0.0,0.0
9463462,0.0,0.000625,0.0003125,0.0003125,2527741,0.000625,0.0003125,0.0009375,0.000625
7222702,0.0,0.0,0.0,0.0,56445467,0.0,0.0,0.0,0.0
15712812,0.0,0.0003125,0.0003125,0.000208333333333,27810510,0.0,0.0,0.000941619585687,0.000313873195229
15667764,0.000625,0.000625,0.0009375,0.000729166666667,17870798,0.0,0.0003125,0.000625,0.0003125
14289663,0.0,0.0,0.0,0.0,21808041,0.0,0.0,0.0,0.0
111630894,0.0,0.0003125,0.0,0.000104166666667,73172728,0.0,0.0003125,0.0009375,0.000416666666667
17742515,0.0,0.0,0.0,0.0,14098400,0.0,0.00127145581691,0.000953591862683,0.000741682559864
15972182,0.0003125,0.0015625,0.00125,0.00104166666667,142797785,0.0,0.000677506775068,0.0,0.000225835591689
11700622,0.0,0.0015625,0.000625,0.000729166666667,22530635,0.0,0.0003125,0.0003125,0.000208333333333
15334406,0.0,0.0,0.0,0.0,531865753,0.0,0.0,0.0,0.0
14797171,0.0,0.0,0.0,0.0,83666708,0.0,0.00125,0.000625,0.000625
3187821,0.0,0.0,0.0,0.0,14417215,0.0,0.0003125,0.0003125,0.000208333333333
15789560,0.0009375,0.0003125,0.0,0.000416666666667,60607333,0.0003125,0.0,0.000625,0.0003125
13023532,0.0,0.0009375,0.0003125,0.000416666666667,156082322,0.0,0.0,0.000625,0.000208333333333
16321591,0.0,0.0,0.0003125,0.000104166666667,166295538,0.0,0.0,0.000625,0.000208333333333
7319072,0.0,0.0003125,0.000625,0.0003125,6978342,0.0,0.0,0.0,0.0
6940052,0.000328731097962,0.000657462195924,0.000328731097962,0.000438308130616,6604252,0.0,0.0003125,0.0,0.000104166666667
10386892,0.0,0.000341763499658,0.00102529049897,0.000455684666209,415786964,0.0003125,0.0003125,0.0003125,0.0003125
14510219,0.0,0.0,0.0,0.0,51132711,0.0,0.0,0.0,0.0
9488812,0.0,0.0,0.0,0.0,29982398,0.0,0.0,0.0,0.0
16420540,0.0,0.0,0.0,0.0,272803653,0.0,0.0,0.000597014925373,0.000199004975124
18041387,0.0,0.0,0.0,0.0,93690016,0.0,0.0,0.0,0.0
16273160,0.0,0.0,0.0,0.0,635215244,0.0,0.0,0.0,0.0
14717355,0.0003125,0.0003125,0.000625,0.000416666666667,14072636,0.0,0.0003125,0.000625,0.0003125
109867903,0.0003125,0.000625,0.0003125,0.000416666666667,27282684,0.0,0.0,0.0,0.0
14256866,0.0,0.0003125,0.0,0.000104166666667,19331262,0.0,0.0,0.0,0.0
510,0.0,0.0,0.0,0.0,1260798302,0.0,0.00114025085519,0.0,0.000380083618397
15257173,0.0,0.000625,0.0003125,0.0003125,447409292,0.0,0.0,0.0,0.0
8533942,0.0,0.0003125,0.0003125,0.000208333333333,14633149,0.0,0.000625,0.000625,0.000416666666667
11280302,0.0,0.0,0.0,0.0,34372808,0.000625,0.00125,0.000625,0.000833333333333
15173685,0.000625,0.0009375,0.0009375,0.000833333333333,18737808,0.0,0.0003125,0.0003125,0.000208333333333
6629472,0.0003125,0.0009375,0.000625,0.000625,23274394,0.0,0.0006373486297,0.00031867431485,0.00031867431485
16443456,0.000686341798216,0.000686341798216,0.0,0.000457561198811,35381456,0.0,0.0,0.0,0.0
14956918,0.000399042298484,0.0,0.000399042298484,0.000266028198989,14705366,0.000723065798988,0.00144613159798,0.00108459869848,0.00108459869848
16857259,0.0003125,0.0003125,0.000625,0.000416666666667,22972067,0.0003125,0.0003125,0.0003125,0.0003125
110232589,0.00062912865681,0.0,0.000314564328405,0.000314564328405,271129311,0.0,0.0,0.0,0.0
15909303,0.0,0.0,0.0,0.0,19697742,0.0,0.0,0.0,0.0
15270815,0.0,0.00063051702396,0.00126103404792,0.00063051702396,15582106,0.0003125,0.0015625,0.00125,0.00104166666667
111000574,0.0,0.0,0.0,0.0,37666348,0.0,0.0,0.0,0.0
7390492,0.0003125,0.00125,0.0015625,0.00104166666667,15877493,0.0,0.0009375,0.0,0.0003125
16313693,0.0,0.0,0.0,0.0,192942068,0.0,0.000625,0.0003125,0.0003125
14540304,0.0,0.0,0.000567214974475,0.000189071658158,88755504,0.0,0.0,0.0,0.0
14811396,0.0,0.0,0.0,0.0,18002882,0.0,0.0,0.0,0.0
110789357,0.0,0.0,0.0003125,0.000104166666667,18360653,0.0,0.0,0.0,0.0
15711042,0.0,0.000625,0.0003125,0.0003125,222321536,0.000313381385146,0.000313381385146,0.000626762770291,0.000417841846861
104817124,0.0,0.0,0.0,0.0,32292526,0.000842459983151,0.000842459983151,0.0,0.000561639988767
17430381,0.000715051841258,0.000357525920629,0.00107257776189,0.000715051841259,29537061,0.0,0.0,0.0,0.0
17004629,0.0003125,0.0,0.0003125,0.000208333333333,94865178,0.0,0.0,0.0,0.0
14502915,0.0,0.0,0.0,0.0,246033158,0.0003125,0.0009375,0.0,0.000416666666667
14181245,0.000352858151023,0.000352858151023,0.000352858151023,0.000352858151023,52741745,0.000626762770291,0.000313381385146,0.000626762770291,0.000522302308576
14252191,0.0003125,0.0003125,0.000625,0.000416666666667,11081432,0.0,0.0003125,0.0003125,0.000208333333333
111055374,0.0,0.00125195618153,0.0,0.000417318727177,346856399,0.0,0.0009375,0.000625,0.000520833333333
16485356,0.0003125,0.000625,0.000625,0.000520833333333,16478944,0.0,0.0,0.0,0.0
15509645,0.0,0.0,0.0,0.0,323863410,0.000625,0.000625,0.0003125,0.000520833333333
14048947,0.000320307495195,0.000320307495195,0.000320307495195,0.000320307495195,395050652,0.0,0.0,0.0,0.0
1084512252,0.0,0.0,0.0,0.0,396215771,0.0,0.0,0.0,0.0
14967472,0.0,0.0,0.0003125,0.000104166666667,134943563,0.0003125,0.0009375,0.0003125,0.000520833333333
15356693,0.0,0.000752445447705,0.000376222723853,0.000376222723853,21790277,0.0,0.0,0.0,0.0
799398,0.0,0.000625,0.000625,0.000416666666667,21209693,0.0,0.0,0.0,0.0
15735228,0.0,0.00184026499816,0.000368052999632,0.000736105999264,58782731,0.0003125,0.0003125,0.0003125,0.0003125
10579152,0.0,0.0003125,0.0003125,0.000208333333333,19614444,0.0,0.0,0.0,0.0
1010353602,0.0,0.0,0.0,0.0,1931060143,0.0,0.000696136442743,0.00104420466411,0.000580113702284
9931932,0.0,0.0,0.0,0.0,15374280,0.0,0.0,0.0,0.0
101285918,0.0,0.0,0.0,0.0,88933899,0.000500250125063,0.000500250125063,0.0,0.000333500083375
16019730,0.0,0.0,0.0,0.0,180016082,0.0,0.0,0.0,0.0
9499392,0.0,0.00033422459893,0.00100267379679,0.000445632798573,47455784,0.000625,0.0009375,0.0,0.000520833333333
8547662,0.0,0.0,0.0,0.0,20735133,0.0,0.0,0.0,0.0
10636492,0.000625,0.000625,0.0015625,0.0009375,25939719,0.0,0.0003125,0.0003125,0.000208333333333
14326853,0.000312989045383,0.000312989045383,0.0,0.000208659363589,123134626,0.0,0.0,0.0,0.0
14591654,0.0,0.000625390869293,0.000625390869293,0.000416927246195,54801775,0.0,0.0,0.0,0.0
17620569,0.0,0.0,0.0,0.0,17471010,0.0003125,0.0,0.0,0.000104166666667
10346502,0.0,0.0,0.0,0.0,1058668250,0.0,0.0,0.0,0.0
14999122,0.0,0.0,0.0,0.0,29367016,0.0,0.0,0.0,0.0
15853749,0.0,0.00125,0.0003125,0.000520833333333,42081388,0.0003125,0.0003125,0.0003125,0.0003125
16192708,0.0,0.0,0.0,0.0,33381787,0.0,0.0,0.0,0.0
14103077,0.0003125,0.000625,0.0003125,0.000416666666667,25520028,0.0003125,0.0,0.0009375,0.000416666666667
12284322,0.0,0.000579038795599,0.000579038795599,0.000386025863733,19664563,0.0,0.0,0.0,0.0
1000642412,0.0,0.0,0.0,0.0,237055108,0.0,0.0,0.0,0.0
15516930,0.0,0.0,0.0,0.0,103050967,0.0,0.0,0.0,0.0
12200462,0.0,0.0,0.0003125,0.000104166666667,129907492,0.0,0.0,0.0003125,0.000104166666667
15208149,0.0003125,0.0,0.0003125,0.000208333333333,25177402,0.0,0.000569151963574,0.0,0.000189717321191
15999367,0.0,0.000314960629921,0.0,0.00010498687664,132626871,0.0,0.0,0.0,0.0
16470149,0.0003125,0.0003125,0.0003125,0.0003125,26870988,0.0,0.0,0.0,0.0
7738932,0.0,0.00125195618153,0.000312989045383,0.000521648408971,14788694,0.0003125,0.000625,0.0009375,0.000625
14299205,0.0,0.000315357931252,0.0,0.000105119310417,47012526,0.0,0.0,0.0,0.0
100822207,0.00040338846309,0.00040338846309,0.00040338846309,0.00040338846309,504483113,0.0,0.0,0.0,0.0
14335777,0.0,0.0003125,0.0003125,0.000208333333333,54073621,0.0,0.0,0.0,0.0
9507682,0.0,0.000625,0.0003125,0.0003125,14172814,0.0,0.0,0.0,0.0
16130273,0.0,0.0,0.0,0.0,44927526,0.0,0.0,0.0,0.0
14515774,0.0,0.0,0.0,0.0,704295979,0.0,0.0,0.0,0.0
15827060,0.0,0.0,0.0,0.0,257581957,0.0,0.0,0.000312891113892,0.000104297037964
14904260,0.0003125,0.0,0.0,0.000104166666667,1014275066,0.0,0.000625,0.0003125,0.0003125
4832471,0.0003125,0.0,0.0003125,0.000208333333333,15480291,0.0003125,0.0009375,0.000625,0.000625
107834740,0.000315357931252,0.000630715862504,0.000315357931252,0.000420477241669,76579210,0.0,0.000626370184779,0.000626370184779,0.000417580123186
15607654,0.0,0.0,0.000636132315522,0.000212044105174,1110551,0.0,0.0,0.0,0.0
15104103,0.0,0.0,0.0003125,0.000104166666667,16084628,0.0,0.0009375,0.0009375,0.000625
7215422,0.0,0.000771307365985,0.000771307365985,0.000514204910657,45576913,0.0,0.0,0.0,0.0
15458653,0.0003125,0.0003125,0.00125,0.000625,521873864,0.0,0.0,0.0,0.0
104871142,0.0,0.000937793060331,0.000312597686777,0.000416796915703,145650409,0.0,0.0,0.0003125,0.000104166666667
11136262,0.0,0.0,0.0,0.0,10085312,0.0003125,0.0003125,0.000625,0.000416666666667
105406757,0.0,0.0,0.0,0.0,64559204,0.0,0.0009375,0.0,0.0003125
16080857,0.000316856780735,0.000316856780735,0.0,0.000211237853823,140149262,0.0,0.0010395010395,0.0,0.0003465003465
14176709,0.000406338886631,0.000406338886631,0.0,0.000270892591087,457880582,0.0,0.0,0.0,0.0
111192648,0.0003125,0.00125,0.00125,0.0009375,27968064,0.00062893081761,0.000314465408805,0.000314465408805,0.00041928721174
102841479,0.0,0.0,0.0,0.0,67218523,0.0,0.0,0.000342817963661,0.000114272654554
11347952,0.0,0.000625,0.0003125,0.0003125,70441653,0.0003125,0.000625,0.0,0.0003125
17967128,0.0,0.0009375,0.0009375,0.000625,35121737,0.0,0.0,0.0,0.0
14295018,0.000856164383562,0.0,0.0,0.000285388127854,76454243,0.0,0.0,0.00104931794334,0.00034977264778
1652821,0.0003125,0.0003125,0.0009375,0.000520833333333,19062992,0.000320615581917,0.0,0.000320615581917,0.000213743721278
15571023,0.000807754442649,0.0016155088853,0.0016155088853,0.00134625740442,24023611,0.0,0.0,0.0,0.0
15924963,0.0003125,0.0003125,0.0003125,0.0003125,29521395,0.0,0.0,0.0,0.0
14304576,0.0,0.0,0.0,0.0,18130326,0.0003125,0.00125,0.0009375,0.000833333333333
14205967,0.0,0.000625,0.000625,0.000416666666667,5545852,0.0,0.0,0.0,0.0
1038045582,0.0,0.000571102227299,0.000571102227299,0.000380734818199,2223881250,0.0,0.000625,0.000625,0.000416666666667
107442736,0.0,0.0,0.0,0.0,58321162,0.0,0.0003885003885,0.0,0.0001295001295
14691920,0.0,0.000625,0.0003125,0.0003125,9557242,0.0003125,0.0,0.0003125,0.000208333333333
15868626,0.000625,0.0,0.0009375,0.000520833333333,19238116,0.0,0.0003125,0.0,0.000104166666667
15203574,0.0003125,0.0009375,0.0003125,0.000520833333333,211926057,0.000426985482494,0.000426985482494,0.000426985482494,0.000426985482494
1652151,0.0,0.0,0.0,0.0,202744187,0.0,0.0,0.0,0.0
15517863,0.0003125,0.0003125,0.000625,0.000416666666667,752673,0.0003125,0.0,0.0003125,0.000208333333333
1571,0.0,0.000312891113892,0.000312891113892,0.000208594075928,42600336,0.0,0.00108636610538,0.000543183052689,0.00054318305269
14943825,0.0,0.000314960629921,0.000314960629921,0.000209973753281,852030258,0.0,0.0,0.0,0.0
1043656675,0.0,0.0,0.0,0.0,581845505,0.0,0.0,0.0,0.0
14780733,0.0,0.0,0.0,0.0,1282115570,0.0,0.0,0.0,0.0
14954823,0.000377928949358,0.0,0.0,0.000125976316453,132182586,0.0,0.0,0.0,0.0
13689392,0.000625,0.0021875,0.000625,0.00114583333333,19406716,0.0,0.0,0.0,0.0
104910952,0.0,0.0,0.0,0.0,41429357,0.0,0.0,0.0,0.0
14104599,0.000625,0.0009375,0.0003125,0.000625,7651482,0.0,0.0,0.0003125,0.000104166666667
18057462,0.0003125,0.0009375,0.0003125,0.000520833333333,44155971,0.0,0.0,0.0,0.0
8044342,0.0,0.0,0.000625390869293,0.000208463623098,25964901,0.0,0.0003125,0.000625,0.0003125
16595069,0.0,0.0,0.0,0.0,18128725,0.0,0.0,0.0003125,0.000104166666667
14073665,0.0,0.0,0.0,0.0,56244120,0.0,0.0,0.0,0.0
12321552,0.0,0.000625,0.0,0.000208333333333,17026058,0.0,0.000625,0.0003125,0.0003125
17408788,0.000475285171103,0.000475285171103,0.000475285171103,0.000475285171103,27000563,0.0,0.0,0.0,0.0
2425831,0.0,0.0,0.0,0.0,14594827,0.0,0.0,0.0,0.0
831481,0.0,0.0,0.0,0.0,97464155,0.0,0.0,0.0,0.0
6767112,0.0,0.0,0.0003125,0.000104166666667,736003,0.0003125,0.0,0.0003125,0.000208333333333
810513,0.0,0.0003125,0.0,0.000104166666667,7465982,0.000313381385146,0.000313381385146,0.000313381385146,0.000313381385146
4195611,0.0,0.0,0.0,0.0,379542112,0.0,0.0,0.0,0.0
15341746,0.0003125,0.000625,0.0009375,0.000625,28604930,0.0,0.0,0.0,0.0
16752554,0.0,0.0,0.0,0.0,61320742,0.0,0.0,0.0,0.0
15732063,0.0,0.0,0.0,0.0,31248118,0.0,0.0003125,0.0,0.000104166666667
12024182,0.0,0.0,0.0003125,0.000104166666667,38663926,0.0,0.0,0.0,0.0
12098232,0.0,0.0,0.0,0.0,723290208,0.0,0.0,0.0,0.0
102183498,0.0,0.0,0.0,0.0,338070341,0.0,0.0,0.0,0.0
15125897,0.0,0.000625,0.0003125,0.0003125,33359979,0.0,0.000625,0.0003125,0.0003125
13234182,0.00036443148688,0.00109329446064,0.000728862973761,0.00072886297376,14562921,0.0003125,0.000625,0.0003125,0.000416666666667
15488302,0.000456412596988,0.000456412596988,0.0,0.000304275064659,16408364,0.000314070351759,0.00125628140704,0.000314070351759,0.000628140703519
14122207,0.000625,0.0003125,0.0009375,0.000625,26253666,0.0,0.0009375,0.000625,0.000520833333333
15941771,0.0,0.000627155848228,0.000940733772342,0.000522629873523,412407180,0.0,0.000845308537616,0.0,0.000281769512539
14935045,0.0,0.0,0.0,0.0,42797992,0.0,0.0,0.0,0.0
14751413,0.0003125,0.0,0.0,0.000104166666667,461501969,0.0,0.0,0.0,0.0
8182152,0.0,0.0009375,0.0003125,0.000416666666667,20881115,0.0,0.0,0.0003125,0.000104166666667
27603,0.0,0.0,0.0,0.0,14851844,0.0,0.000625,0.000625,0.000416666666667
14985041,0.0,0.0,0.000625,0.000208333333333,7894792,0.0,0.00169664065151,0.0,0.000565546883837
15032398,0.0,0.0,0.0,0.0,437852103,0.0,0.000480307396734,0.0,0.000160102465578
14202465,0.000312891113892,0.000312891113892,0.0,0.000208594075928,223935042,0.0,0.0,0.0,0.0
16636586,0.0,0.000383877159309,0.000383877159309,0.000255918106206,2166715129,0.0,0.0,0.0,0.0
13925332,0.000431778929188,0.000431778929188,0.000863557858377,0.000575705238918,15865532,0.0,0.0,0.000312989045383,0.000104329681794
14066239,0.0,0.0,0.0,0.0,153187498,0.0,0.0,0.0,0.0
108595832,0.0,0.0,0.0,0.0,121526357,0.0,0.0,0.0,0.0
109431444,0.0,0.0,0.0,0.0,519686398,0.0,0.0,0.0,0.0
15572314,0.0,0.0,0.0,0.0,15412249,0.0,0.0,0.0,0.0
16144515,0.0,0.0,0.000394477317554,0.000131492439185,217656715,0.0,0.0,0.0,0.0
14961485,0.0,0.0,0.0,0.0,10048402,0.0,0.0,0.0,0.0
2483,0.0,0.0,0.0003125,0.000104166666667,25023710,0.000625,0.0003125,0.000625,0.000520833333333
15670127,0.0,0.0003125,0.0,0.000104166666667,19351302,0.0003125,0.0,0.0003125,0.000208333333333
14113905,0.0,0.0,0.0,0.0,164749976,0.0,0.0,0.0,0.0
16032708,0.0,0.0,0.0,0.0,249027111,0.0,0.0,0.0,0.0
7671562,0.0003125,0.0009375,0.0009375,0.000729166666667,9300372,0.0,0.0009375,0.0003125,0.000416666666667
15828831,0.0,0.0,0.0,0.0,316077257,0.0,0.0,0.0,0.0
17995732,0.0,0.0003125,0.0003125,0.000208333333333,11894502,0.0,0.000625,0.0,0.000208333333333
16520724,0.0003125,0.000625,0.000625,0.000520833333333,14613821,0.0003125,0.00125,0.0009375,0.000833333333333
11842742,0.0,0.000625,0.0003125,0.0003125,83624443,0.0,0.0003125,0.000625,0.0003125
1094522048,0.0,0.0,0.0,0.0,550673663,0.0,0.0,0.0,0.0
16583999,0.0003125,0.0003125,0.0009375,0.000520833333333,11784102,0.000312695434647,0.0,0.000312695434647,0.000208463623098
14725113,0.0,0.0,0.0,0.0,482693143,0.0,0.0,0.0,0.0
10033292,0.0,0.0,0.0,0.0,14629640,0.0,0.0,0.0,0.0
14930017,0.0,0.0,0.0,0.0,2329161234,0.0,0.0,0.0,0.0
15570425,0.0,0.0,0.0,0.0,341282572,0.0,0.0,0.0,0.0
717963,0.0,0.0,0.0,0.0,28980478,0.00117508813161,0.0,0.0,0.00039169604387
739123,0.0,0.0,0.0,0.0,14068834,0.000625,0.0003125,0.0003125,0.000416666666667
15416255,0.000618811881188,0.0,0.0,0.000206270627063,44171091,0.0,0.0,0.0,0.0
10688472,0.000938673341677,0.00125156445557,0.000938673341677,0.00104297037964,17473799,0.0,0.000625,0.0009375,0.000520833333333
15496950,0.000673854447439,0.000673854447439,0.0,0.000449236298293,5752712,0.0,0.0,0.0009375,0.0003125
104358354,0.0,0.0,0.0,0.0,78727322,0.0,0.0,0.0,0.0
16064109,0.0,0.0,0.0003125,0.000104166666667,377704774,0.0,0.0,0.0,0.0
6284612,0.0,0.0,0.0,0.0,276152937,0.0,0.0,0.0,0.0
14134316,0.0,0.0,0.0,0.0,6669852,0.0,0.000625,0.0,0.000208333333333
14518875,0.0,0.0,0.0003125,0.000104166666667,294467126,0.0,0.0,0.0,0.0
16534400,0.0,0.000314564328405,0.0,0.000104854776135,541431791,0.0,0.0,0.0,0.0
15582950,0.0,0.0,0.0,0.0,58631618,0.0,0.0,0.0,0.0
17634032,0.0,0.0,0.0,0.0,767860135,0.0,0.0,0.0,0.0
14779153,0.0,0.0,0.0,0.0,143912376,0.0,0.0,0.0,0.0
15373649,0.0009375,0.0021875,0.0021875,0.00177083333333,29860419,0.0,0.0,0.0,0.0
657143,0.0,0.0,0.0,0.0,115131419,0.0,0.0,0.0,0.0
15743613,0.000938379730998,0.000312793243666,0.000625586487332,0.000625586487332,30909461,0.0,0.000670915800067,0.0,0.000223638600022
16905977,0.0,0.000625,0.0,0.000208333333333,15999128,0.0,0.0,0.0,0.0
8723262,0.0,0.0,0.0,0.0,14703441,0.0,0.0,0.0,0.0
8890312,0.0,0.0,0.0,0.0,9598632,0.0,0.0,0.0,0.0
6951722,0.0003125,0.0009375,0.000625,0.000625,37615093,0.0,0.0,0.000771604938272,0.000257201646091
108339923,0.0003125,0.0009375,0.0015625,0.0009375,11644152,0.0009375,0.0015625,0.0021875,0.0015625
16332556,0.0,0.0,0.0,0.0,21819440,0.0,0.0,0.0,0.0
14239873,0.0003125,0.001875,0.000625,0.0009375,24850099,0.0,0.00142925202477,0.0,0.00047641734159
15591044,0.0,0.0,0.0,0.0,9481382,0.0,0.0,0.0,0.0
14347872,0.0,0.0,0.0,0.0,776620351,0.0,0.0,0.0,0.0
17740183,0.0,0.0,0.0,0.0,17218128,0.0,0.000593824228029,0.0,0.000197941409343
1075287318,0.0,0.0,0.0,0.0,17243161,0.0003125,0.0,0.00125,0.000520833333333
14270283,0.0,0.000625,0.000625,0.000416666666667,14259030,0.0003125,0.0009375,0.0009375,0.000729166666667
14470452,0.0,0.0,0.000625,0.000208333333333,482463,0.0,0.0,0.0,0.0
100483475,0.0,0.0,0.0,0.0,1154367438,0.0,0.0,0.0,0.0
110728497,0.0,0.000532765050613,0.0,0.000177588350204,233737958,0.0,0.0,0.0,0.0
1391781,0.000312695434647,0.000625390869293,0.0,0.000312695434647,30114153,0.0,0.0,0.000388349514563,0.000129449838188
14629003,0.0,0.0,0.0003125,0.000104166666667,75478762,0.0,0.0,0.0,0.0
14344228,0.0,0.0,0.0,0.0,398799954,0.0,0.0,0.0,0.0
14141735,0.0,0.0003125,0.0003125,0.000208333333333,28270304,0.0,0.0,0.0,0.0
17545311,0.0,0.00089605734767,0.0,0.000298685782557,18050777,0.0,0.0,0.0,0.0
111790090,0.0,0.0,0.0,0.0,130902468,0.0,0.0,0.0,0.0
14607160,0.0,0.0,0.0003125,0.000104166666667,19920298,0.0,0.0,0.0,0.0
14050633,0.0,0.0,0.0,0.0,39194496,0.000437062937063,0.000874125874126,0.000874125874126,0.000728438228438
16741035,0.0003125,0.0,0.0,0.000104166666667,14452147,0.0,0.0,0.0003125,0.000104166666667
14720131,0.0,0.0003125,0.0,0.000104166666667,43246549,0.0,0.0,0.0,0.0
15138640,0.0009375,0.0021875,0.0009375,0.00135416666667,27325506,0.0,0.0,0.0,0.0
14398158,0.0,0.0,0.000958313368471,0.00031943778949,171931221,0.0,0.0,0.0,0.0
12498292,0.0003125,0.000625,0.0003125,0.000416666666667,22303836,0.0,0.000625,0.0,0.000208333333333
13069762,0.0,0.0,0.0,0.0,216298748,0.0,0.0,0.0,0.0
14252980,0.0,0.0,0.0003125,0.000104166666667,19359256,0.0,0.0,0.0003125,0.000104166666667
9842982,0.0003125,0.0003125,0.0003125,0.0003125,15890620,0.0,0.0,0.0,0.0
104350423,0.000347101700798,0.000347101700798,0.000694203401597,0.000462802267731,69054088,0.0,0.0,0.0,0.0
17086597,0.0,0.0,0.0,0.0,20024175,0.0,0.0,0.0,0.0
16831728,0.0,0.0,0.000312891113892,0.000104297037964,14110311,0.0,0.0,0.0,0.0
15878419,0.0,0.0,0.0,0.0,280044976,0.0,0.0,0.0,0.0
14366046,0.0,0.000971817298348,0.0,0.000323939099449,164864435,0.0,0.0,0.0003125,0.000104166666667
14433472,0.0,0.00125,0.001875,0.00104166666667,12086482,0.0,0.0,0.0003125,0.000104166666667
108937630,0.0,0.0,0.0,0.0,15651202,0.0,0.0,0.000900900900901,0.0003003003003
13265672,0.000625390869293,0.0,0.000625390869293,0.000416927246195,46423485,0.0,0.00184842883549,0.0,0.000616142945163
1010471,0.0,0.0015625,0.0003125,0.000625,14469958,0.0,0.0,0.0,0.0
12291452,0.0003125,0.001875,0.0009375,0.00104166666667,3833701,0.0,0.0003125,0.0,0.000104166666667
4451831,0.0,0.0009375,0.000625,0.000520833333333,55561742,0.0,0.0,0.0,0.0
14166313,0.0,0.0,0.0,0.0,28617426,0.0,0.00125,0.000625,0.000625
101075963,0.000938379730998,0.00156396621833,0.00281513919299,0.00177249504744,23519691,0.000385802469136,0.000385802469136,0.0,0.000257201646091
15419452,0.0,0.0,0.0,0.0,813402,0.0,0.0003125,0.0003125,0.000208333333333
14693999,0.0,0.00121654501217,0.0,0.000405515004057,15659217,0.000625,0.0003125,0.00125,0.000729166666667
14199320,0.0,0.000313087038197,0.0,0.000104362346066,22954198,0.0003125,0.0,0.000625,0.0003125
10904282,0.0,0.000625978090767,0.000625978090767,0.000417318727178,309886768,0.0,0.0,0.0,0.0
13485232,0.0,0.000312793243666,0.000312793243666,0.000208528829111,14152849,0.0,0.000625,0.0003125,0.0003125
3540111,0.0003125,0.0009375,0.0003125,0.000520833333333,19200480,0.0,0.0,0.0,0.0
10872992,0.0,0.0,0.0,0.0,77110735,0.000550660792952,0.0011013215859,0.0,0.000550660792951
16442052,0.0003125,0.00125,0.0003125,0.000625,127159409,0.0,0.0,0.0,0.0
17888828,0.0,0.0,0.0,0.0,98194437,0.0,0.0,0.0,0.0
7836472,0.0003125,0.0003125,0.000625,0.000416666666667,45891091,0.0,0.0,0.0003125,0.000104166666667
16183684,0.000455788514129,0.000455788514129,0.000911577028259,0.000607718018839,16263710,0.0,0.00124921923798,0.0,0.00041640641266
13636482,0.0,0.0,0.0,0.0,243862001,0.0,0.0,0.0,0.0
14269934,0.0003125,0.000625,0.0003125,0.000416666666667,20880217,0.0,0.0,0.0003125,0.000104166666667
15310942,0.0,0.0,0.0,0.0,48244764,0.000777604976672,0.000777604976672,0.000777604976672,0.000777604976672
9821642,0.0,0.0003125,0.0,0.000104166666667,774857,0.0,0.0,0.0,0.0
110585587,0.0,0.0,0.0,0.0,159538663,0.0,0.000359582883855,0.00215749730313,0.000839026728995
16264163,0.0,0.0,0.0,0.0,60149953,0.0,0.0,0.0,0.0
14250304,0.000314169022934,0.000314169022934,0.000628338045869,0.000418892030579,185480416,0.0,0.0,0.0,0.0
16098532,0.0003125,0.001875,0.00125,0.00114583333333,208581785,0.0,0.0,0.0,0.0
15394801,0.0,0.0,0.0,0.0,33347489,0.0,0.0,0.000319182891797,0.000106394297266
16030885,0.0,0.0,0.000344708721131,0.000114902907044,14951645,0.0,0.0,0.0,0.0
13829462,0.000625,0.000625,0.00125,0.000833333333333,1655782836,0.0,0.0,0.0,0.0
14583843,0.0,0.0,0.0,0.0,46522184,0.00128205128205,0.0,0.0,0.00042735042735
17368847,0.0,0.0,0.0,0.0,266283047,0.0,0.0,0.0,0.0
16176755,0.0,0.0,0.0,0.0,351317319,0.0,0.0,0.0,0.0
741293,0.0,0.0,0.0,0.0,15929542,0.000465549348231,0.0,0.000465549348231,0.000310366232154
16816975,0.0,0.000666444518494,0.00133288903699,0.000666444518495,24048702,0.0,0.0,0.00034188034188,0.00011396011396
2065311,0.0,0.000683526999316,0.0,0.000227842333105,11281062,0.0,0.0,0.0,0.0
14781818,0.00031328320802,0.00062656641604,0.00031328320802,0.000417710944027,21672825,0.0,0.000625,0.0003125,0.0003125
1023298544,0.0,0.000638977635783,0.0,0.000212992545261,411178171,0.0,0.0,0.0,0.0
14268794,0.0,0.00044662795891,0.00044662795891,0.000297751972607,1862836459,0.0,0.0,0.0,0.0
15974415,0.0,0.0009375,0.0003125,0.000416666666667,562240550,0.0,0.0,0.000356633380884,0.000118877793628
12541692,0.000312793243666,0.000625586487332,0.000312793243666,0.000417057658221,755751,0.0003125,0.000625,0.000625,0.000520833333333
11747,0.0,0.00184842883549,0.0,0.000616142945163,23242128,0.000625,0.000625,0.0009375,0.000729166666667
756481,0.0003125,0.0,0.000625,0.0003125,14280395,0.0,0.0003125,0.00125,0.000520833333333
1013587694,0.00048828125,0.0,0.0,0.000162760416667,484490520,0.0,0.000369412633912,0.000369412633912,0.000246275089275
15142717,0.0,0.0,0.0,0.0,15906836,0.000342231348392,0.00102669404517,0.000342231348392,0.000570385580651
108512819,0.0003125,0.0003125,0.0009375,0.000520833333333,505229574,0.0,0.000625,0.0,0.000208333333333
6662252,0.000357142857143,0.000357142857143,0.000357142857143,0.000357142857143,166295538,0.0,0.0,0.000625,0.000208333333333
14249447,0.0,0.0003125,0.0,0.000104166666667,764229414,0.0,0.0,0.0,0.0
1010139914,0.0,0.0,0.0,0.0,332879637,0.0,0.0,0.0,0.0
15926207,0.0,0.0,0.0,0.0,138120871,0.0,0.0,0.0,0.0
16162733,0.0,0.000313479623824,0.0,0.000104493207941,110562230,0.0003125,0.000625,0.0003125,0.000416666666667
15385909,0.0,0.0,0.0,0.0,86955448,0.0,0.000788643533123,0.0,0.000262881177708
6973972,0.0,0.000765110941086,0.0,0.000255036980362,19340002,0.0,0.0,0.0003125,0.000104166666667
15915645,0.000313577924114,0.000940733772342,0.000627155848228,0.000627155848228,257788030,0.0,0.0,0.0,0.0
13926822,0.0,0.0003125,0.0,0.000104166666667,71385061,0.0003125,0.0003125,0.0003125,0.0003125
10428272,0.0,0.000625,0.0003125,0.0003125,14997340,0.0,0.0,0.000831946755408,0.000277315585136
14455069,0.0,0.0,0.0,0.0,249211761,0.0,0.0,0.0,0.0
11359042,0.0009375,0.001875,0.0028125,0.001875,26448372,0.0,0.000946073793756,0.000630715862504,0.000525596552087
16229518,0.0,0.0,0.0,0.0,52167439,0.0,0.000361663652803,0.000723327305606,0.000361663652803
15494172,0.0,0.0009375,0.0009375,0.000625,315570891,0.0,0.0,0.0,0.0
15929157,0.0,0.0,0.000580383052815,0.000193461017605,3712001,0.0,0.0,0.0,0.0
10421552,0.0,0.0,0.0,0.0,20557363,0.0,0.0,0.0003125,0.000104166666667
14426223,0.0,0.0,0.0,0.0,21274931,0.000353107344633,0.000706214689266,0.0,0.000353107344633
16047802,0.000729927007299,0.000729927007299,0.000729927007299,0.000729927007299,16419838,0.000625390869293,0.00187617260788,0.00093808630394,0.00114654992704
14777726,0.0,0.0,0.0,0.0,7119502,0.0,0.0,0.0,0.0
14523403,0.0,0.0003125,0.0,0.000104166666667,79870762,0.0003125,0.000625,0.0009375,0.000625
16422386,0.0,0.0,0.0,0.0,396995592,0.0,0.0,0.0,0.0
14122158,0.0,0.000441696113074,0.000441696113074,0.000294464075383,22594471,0.0,0.0,0.000314267756128,0.000104755918709
102504689,0.0,0.0,0.0,0.0,44704747,0.0003125,0.0,0.0003125,0.000208333333333
13331702,0.0,0.000625,0.0003125,0.0003125,39657346,0.0,0.0,0.0,0.0
14221460,0.0,0.0,0.0,0.0,37814831,0.0,0.0,0.0,0.0
9716202,0.0,0.0,0.0,0.0,14533379,0.0,0.0,0.0,0.0
15128768,0.0,0.0,0.0,0.0,19202036,0.0003125,0.000625,0.000625,0.000520833333333
15096762,0.0,0.0009375,0.000625,0.000520833333333,14534944,0.0,0.000625,0.000625,0.000416666666667
16954156,0.0,0.0,0.0,0.0,16954732,0.0,0.0,0.0,0.0
16171108,0.0,0.0,0.0,0.0,383077683,0.0,0.0,0.0,0.0
16621991,0.0,0.0,0.0,0.0,26602093,0.0,0.0,0.0,0.0
1103804005,0.0,0.0,0.0,0.0,21433709,0.0003125,0.000625,0.0009375,0.000625
4069901,0.0,0.0,0.000467726847521,0.000155908949174,14640281,0.000625,0.0003125,0.000625,0.000520833333333
15093157,0.0,0.0,0.0,0.0,16957566,0.0,0.0,0.0,0.0
15664345,0.0,0.0,0.0,0.0,7022312,0.000503271263211,0.00150981378963,0.00100654252642,0.00100654252642
8822482,0.0,0.0,0.0,0.0,643563,0.000641436818473,0.00096215522771,0.00128287363695,0.000962155227711
14837023,0.0,0.0,0.0,0.0,267910614,0.0,0.0,0.0,0.0
17202259,0.0,0.0,0.0,0.0,313070406,0.0,0.0,0.0,0.0
16129286,0.0,0.0,0.0,0.0,220900159,0.000321646831779,0.00160823415889,0.00192988099067,0.00128658732711
12138742,0.0,0.000358680057389,0.0,0.00011956001913,16354575,0.0,0.0,0.0,0.0
15873870,0.0,0.0003125,0.0003125,0.000208333333333,73520317,0.0,0.0,0.0,0.0
15735588,0.0,0.0,0.0,0.0,1129716037,0.0,0.0,0.0,0.0
1118331097,0.0,0.0,0.0,0.0,20367774,0.0,0.0009375,0.0003125,0.000416666666667
800149,0.0003125,0.0003125,0.0003125,0.0003125,103709316,0.0,0.0,0.0,0.0
15447527,0.0,0.0,0.0003125,0.000104166666667,563325403,0.0,0.0,0.0003125,0.000104166666667
10648892,0.0,0.0,0.0,0.0,631430901,0.0,0.0,0.0,0.0
14861973,0.0,0.0,0.0,0.0,168787580,0.0,0.0,0.0,0.0
15728321,0.0,0.0,0.0,0.0,19459758,0.0,0.000938379730998,0.000312793243666,0.000417057658221
14230190,0.0,0.0,0.0,0.0,69647408,0.0,0.000312695434647,0.000312695434647,0.000208463623098
17142292,0.0,0.0,0.0,0.0,14604449,0.0,0.0003125,0.0,0.000104166666667
15994744,0.0003125,0.0003125,0.000625,0.000416666666667,506835966,0.0,0.0,0.0,0.0
108040993,0.000313676286073,0.0,0.0,0.000104558762024,471391317,0.0,0.0,0.0,0.0
5603482,0.000312793243666,0.000312793243666,0.0,0.000208528829111,504909728,0.0,0.0,0.0,0.0
14187293,0.0,0.0010355540214,0.0003451846738,0.000460246231733,25956832,0.0,0.001875,0.0,0.000625
16788994,0.000324886289799,0.000649772579597,0.000324886289799,0.000433181719732,28901124,0.0,0.0,0.0,0.0
6208682,0.0,0.000408830744072,0.0,0.000136276914691,16696986,0.0,0.0,0.0,0.0
16381494,0.0,0.0,0.000312597686777,0.000104199228926,165071554,0.0,0.0003125,0.0,0.000104166666667
16153346,0.0,0.0,0.000312597686777,0.000104199228926,12908952,0.0,0.0,0.0,0.0
6301542,0.0,0.0,0.0,0.0,19264584,0.0,0.0,0.0,0.0
15707227,0.0,0.0003125,0.0,0.000104166666667,15737918,0.000434593654933,0.00217296827466,0.0013037809648,0.0013037809648
15357559,0.0,0.0003125,0.0,0.000104166666667,37676819,0.0,0.0003125,0.0003125,0.000208333333333
16122440,0.0,0.0,0.0,0.0,47830616,0.0,0.0,0.0016694490818,0.000556483027267
1019438790,0.0,0.0,0.0,0.0,140907288,0.0,0.0,0.0,0.0
1061130282,0.0,0.0,0.0,0.0,241141897,0.0,0.0,0.0,0.0
16101156,0.0003125,0.0,0.0003125,0.000208333333333,24631530,0.00031318509239,0.000626370184779,0.00031318509239,0.000417580123186
15673048,0.0003125,0.0,0.000625,0.0003125,21571305,0.0,0.0,0.0,0.0
14056243,0.0,0.0003125,0.0003125,0.000208333333333,58540875,0.0,0.0,0.0,0.0
15034894,0.0,0.0003125,0.0,0.000104166666667,216447538,0.0,0.0,0.0,0.0
14520713,0.0,0.0,0.0,0.0,14513851,0.0,0.00135043889264,0.00135043889264,0.000900292595093
15222470,0.0,0.000744601638124,0.0,0.000248200546041,15266619,0.0,0.0,0.000733137829912,0.000244379276637
15261203,0.000625,0.0003125,0.00125,0.000729166666667,26282919,0.000755572346052,0.0015111446921,0.00113335851908,0.00113335851908
10104672,0.0,0.000554323725055,0.0,0.000184774575018,369735281,0.0,0.0,0.0,0.0
14227822,0.0,0.000625,0.0009375,0.000520833333333,151920300,0.000527148128624,0.000527148128624,0.000527148128624,0.000527148128624
12897512,0.00033456005353,0.00033456005353,0.00033456005353,0.00033456005353,3463061,0.0003125,0.0,0.0,0.000104166666667
6389702,0.0,0.0,0.0,0.0,27296416,0.0003125,0.000625,0.0,0.0003125
14090513,0.0,0.000313087038197,0.000313087038197,0.000208724692131,9906812,0.000320204931156,0.00128081972462,0.000320204931156,0.000640409862311
1054156310,0.0,0.0,0.0,0.0,13361042,0.0,0.0,0.0003125,0.000104166666667
15214193,0.0,0.0003125,0.000625,0.0003125,118194876,0.0,0.0,0.0,0.0
14164590,0.0003125,0.000625,0.0009375,0.000625,322229610,0.000625,0.0,0.0009375,0.000520833333333
1113318505,0.0,0.0,0.000565610859729,0.000188536953243,460453110,0.000358808754934,0.0,0.000358808754934,0.000239205836623
14145880,0.0,0.0,0.0,0.0,9632752,0.0,0.00125,0.0003125,0.000520833333333
705883,0.0,0.0,0.0,0.0,237491876,0.0,0.00062656641604,0.0,0.000208855472013
1117564388,0.0,0.0,0.0,0.0,23588281,0.0,0.00138792505205,0.0,0.000462641684017
16803434,0.0,0.0,0.0,0.0,517045006,0.0,0.0,0.0009375,0.0003125
14235636,0.0003125,0.000625,0.0003125,0.000416666666667,64812320,0.0,0.0,0.0,0.0
17744552,0.0,0.0,0.0003125,0.000104166666667,30197656,0.0,0.0003125,0.0,0.000104166666667
11369702,0.0003125,0.0003125,0.0003125,0.0003125,171222948,0.0003125,0.0003125,0.0009375,0.000520833333333
16481910,0.0,0.0,0.0,0.0,14832537,0.0,0.0,0.0,0.0
9343332,0.0,0.000782166601486,0.0,0.000260722200495,17460054,0.000625978090767,0.00156494522692,0.000312989045383,0.000834637454357
109913502,0.0,0.0,0.0,0.0,780559008,0.0,0.0,0.0,0.0
1112977338,0.0,0.0,0.0,0.0,28726982,0.0,0.00108225108225,0.0,0.00036075036075
15504301,0.0,0.0003125,0.0009375,0.000416666666667,18171458,0.0,0.0,0.0,0.0
110478080,0.0,0.0,0.000805801772764,0.000268600590921,229151913,0.0,0.0,0.0,0.0
17995930,0.0,0.0,0.0,0.0,168755855,0.0,0.0,0.0,0.0
12569482,0.0,0.0015625,0.0003125,0.000625,355538861,0.0009375,0.0015625,0.0009375,0.00114583333333
15058878,0.0,0.0,0.000315457413249,0.000105152471083,100013511,0.0,0.0,0.0,0.0
15398135,0.0,0.0,0.0,0.0,12085742,0.0,0.0,0.0,0.0
16675119,0.0,0.0,0.0003125,0.000104166666667,41665071,0.0,0.0,0.0,0.0
12190752,0.0,0.0,0.0003125,0.000104166666667,214329957,0.0,0.0,0.0003125,0.000104166666667
7035632,0.0,0.0011914217633,0.0,0.000397140587767,48198318,0.0,0.0,0.0,0.0
16345638,0.000394011032309,0.0,0.000788022064618,0.000394011032309,9023832,0.000440334654337,0.000440334654337,0.000440334654337,0.000440334654337
15753976,0.0003125,0.0025,0.000625,0.00114583333333,48710910,0.0003125,0.000625,0.0003125,0.000416666666667
14908490,0.0,0.00031318509239,0.00031318509239,0.000208790061593,23885805,0.0,0.000625586487332,0.000938379730998,0.000521322072777
15414963,0.0003125,0.0,0.0,0.000104166666667,178023069,0.0,0.0009375,0.0,0.0003125
1085081065,0.0,0.0,0.0,0.0,66391624,0.0,0.0,0.0,0.0
5644562,0.0,0.0,0.0,0.0,25678003,0.0,0.0,0.00123304562269,0.000411015207563
7158782,0.0,0.000313087038197,0.0,0.000104362346066,39921231,0.0,0.0003125,0.000625,0.0003125
14062697,0.0,0.000754716981132,0.0,0.000251572327044,299670333,0.0,0.0,0.0,0.0
14983161,0.0,0.00125,0.0003125,0.000520833333333,31207749,0.0,0.0009375,0.0003125,0.000416666666667
11770342,0.0,0.0,0.0,0.0,31528465,0.0,0.0,0.0,0.0
14958828,0.0,0.0,0.0,0.0,15521058,0.0,0.0,0.000551267916207,0.000183755972069
6270192,0.0,0.0,0.0,0.0,24630958,0.0,0.0,0.0,0.0
17434675,0.0,0.0003125,0.0003125,0.000208333333333,535787611,0.0,0.0,0.0,0.0
15991349,0.0003125,0.0009375,0.0003125,0.000520833333333,22046083,0.0,0.0,0.0,0.0
812386,0.0003125,0.0003125,0.0,0.000208333333333,9108102,0.000625,0.00125,0.000625,0.000833333333333
14218243,0.0,0.0,0.0,0.0,6351142,0.000370233246946,0.000370233246946,0.0,0.000246822164631
15845626,0.0,0.0,0.0,0.0,16321813,0.0003125,0.000625,0.0003125,0.000416666666667
15480369,0.0,0.0,0.0,0.0,466639823,0.0,0.0,0.0,0.0
16020751,0.0,0.0,0.0003125,0.000104166666667,35629711,0.0,0.000312695434647,0.000312695434647,0.000208463623098
108644617,0.0,0.0,0.0,0.0,932747977,0.0,0.0,0.0,0.0
15384970,0.0,0.000358680057389,0.0,0.00011956001913,68709875,0.0,0.0,0.0,0.0
15904651,0.0,0.0,0.0,0.0,973137678,0.0009375,0.000625,0.0003125,0.000625
16249110,0.0,0.0,0.0,0.0,213105703,0.0,0.0,0.0,0.0
10427362,0.0,0.00156445556946,0.000312891113892,0.000625782227784,14114599,0.0,0.000508905852417,0.0,0.000169635284139
1496191,0.0,0.0,0.0,0.0,14173926,0.0,0.0009375,0.000625,0.000520833333333
14926865,0.0003125,0.0009375,0.0015625,0.0009375,25609617,0.0,0.0,0.0,0.0
15650453,0.0003125,0.00125,0.0,0.000520833333333,17580571,0.0,0.000625,0.0,0.000208333333333
1010609864,0.0,0.0,0.0,0.0,16213633,0.0,0.0,0.0,0.0
14140548,0.0,0.0,0.0,0.0,23766889,0.0,0.000333444481494,0.000666888962988,0.000333444481494
1018819590,0.0,0.0,0.0,0.0,75106423,0.0,0.0,0.0,0.0
1268151,0.0,0.000625,0.00125,0.000625,19088178,0.0,0.0,0.0,0.0
15446917,0.0,0.0,0.0,0.0,21103630,0.0003125,0.0,0.000625,0.0003125
16334561,0.0,0.0,0.0,0.0,15614322,0.0,0.0,0.0,0.0
102574014,0.000319590923618,0.000319590923618,0.000319590923618,0.000319590923618,314305969,0.0,0.0,0.0,0.0
17131575,0.0,0.0,0.0,0.0,274820437,0.0,0.0,0.0,0.0
16446349,0.0,0.0,0.0,0.0,14111902,0.0,0.0,0.000834724540902,0.000278241513634
14895231,0.0,0.0,0.0,0.0,91026487,0.0,0.0,0.0,0.0
109543590,0.0,0.0,0.0,0.0,241331254,0.0,0.0,0.0,0.0
14794139,0.0,0.000449438202247,0.0,0.000149812734082,168257572,0.0,0.0,0.000457247370828,0.000152415790276
104396393,0.0,0.0,0.0,0.0,7197092,0.0,0.0,0.0,0.0
17497989,0.0,0.0,0.0,0.0,814249392,0.0,0.0,0.0,0.0
13496672,0.0,0.0,0.0,0.0,40393827,0.0,0.0,0.0,0.0
15451270,0.0,0.000477099236641,0.000477099236641,0.000318066157761,45612861,0.0,0.0,0.0,0.0
15023239,0.0,0.000583090379009,0.000583090379009,0.000388726919339,35023061,0.000315457413249,0.000630914826498,0.000946372239748,0.000630914826498
1018667071,0.0,0.0,0.0,0.0,389822059,0.0,0.0,0.0,0.0
14287736,0.000313774709758,0.0,0.000313774709758,0.000209183139839,48028762,0.0,0.0009375,0.0003125,0.000416666666667
14712975,0.000490196078431,0.0,0.0,0.00016339869281,241303112,0.0,0.0,0.0,0.0
1515831,0.0,0.0003125,0.0003125,0.000208333333333,14973235,0.000981354268891,0.00130847235852,0.000981354268891,0.0010903936321
14494499,0.0,0.0,0.0,0.0,81920858,0.0,0.0,0.0,0.0
14308905,0.0003125,0.000625,0.000625,0.000520833333333,19974133,0.0,0.0,0.0,0.0
14653147,0.0003125,0.0021875,0.0028125,0.00177083333333,21279850,0.0,0.0,0.0003125,0.000104166666667
15377135,0.0,0.0,0.0,0.0,31065327,0.0,0.0,0.0,0.0
1075648513,0.0,0.0,0.0,0.0,21720967,0.0,0.0,0.000313971742543,0.000104657247514
14777954,0.0,0.0,0.0,0.0,44293075,0.0003125,0.0,0.0003125,0.000208333333333
15688131,0.0,0.0003125,0.0,0.000104166666667,198276394,0.000625,0.0,0.0003125,0.0003125
11068552,0.000316255534472,0.000632511068944,0.000632511068944,0.000527092557453,874952634,0.0,0.000437445319335,0.0,0.000145815106445
14449093,0.0,0.00125,0.000625,0.000625,101152377,0.000625,0.0009375,0.0003125,0.000625
1443131,0.0,0.0,0.0,0.0,21904537,0.0003125,0.0003125,0.0,0.000208333333333
15525144,0.000625,0.0009375,0.0003125,0.000625,21365141,0.0,0.0,0.0,0.0
14288066,0.0003125,0.00125,0.000625,0.000729166666667,70798741,0.0,0.000627155848228,0.000313577924114,0.000313577924114
821492,0.0,0.0,0.0003125,0.000104166666667,7235952,0.0,0.000940438871473,0.000626959247649,0.000522466039707
14230856,0.0,0.0,0.0,0.0,23006448,0.000625782227785,0.000625782227785,0.000625782227785,0.000625782227785
16739637,0.0,0.0,0.0,0.0,18481233,0.0,0.0,0.0,0.0
14595349,0.0,0.0,0.0,0.0,35837734,0.0,0.0,0.0,0.0
17904464,0.0,0.0009375,0.0003125,0.000416666666667,27304674,0.0,0.0,0.0,0.0
16091662,0.0,0.00117508813161,0.0,0.00039169604387,17076638,0.0,0.0,0.0,0.0
15855660,0.0003125,0.0009375,0.001875,0.00104166666667,26413771,0.0,0.0,0.0,0.0
15677487,0.0003125,0.0009375,0.0009375,0.000729166666667,25165418,0.000625,0.000625,0.0015625,0.0009375
16442331,0.0003125,0.0009375,0.0003125,0.000520833333333,48232860,0.0,0.000644329896907,0.0,0.000214776632302
15717363,0.0,0.0,0.0,0.0,66820111,0.000625,0.000625,0.0,0.000416666666667
15485560,0.0,0.0,0.0,0.0,27320501,0.0,0.0,0.0,0.0
18092313,0.0003125,0.000625,0.0003125,0.000416666666667,409596130,0.0,0.0,0.0,0.0
14053328,0.0,0.000727802037846,0.0,0.000242600679282,17907380,0.0,0.0,0.0,0.0
1087915261,0.00129032258065,0.00258064516129,0.00290322580645,0.00225806451613,2366163986,0.0,0.0,0.0,0.0
14198685,0.000625,0.0003125,0.000625,0.000520833333333,57532003,0.0,0.0,0.0,0.0
1196431,0.0,0.0,0.0,0.0,20776088,0.0,0.0,0.0,0.0
15068740,0.0,0.0,0.0,0.0,18233762,0.00031318509239,0.0,0.0,0.000104395030797
15566762,0.0,0.0,0.0,0.0,65820407,0.0,0.0,0.0,0.0
14926952,0.0,0.0003125,0.0,0.000104166666667,2635241,0.0,0.000313971742543,0.0,0.000104657247514
12335772,0.000354484225452,0.0,0.00106345267636,0.000472645633937,10984582,0.000312793243666,0.000312793243666,0.000312793243666,0.000312793243666
16791835,0.0,0.0,0.0,0.0,369801448,0.0,0.0,0.0,0.0
16153962,0.0,0.0,0.0,0.0,103725307,0.0,0.0,0.0,0.0
14056189,0.0,0.000625,0.000625,0.000416666666667,17610900,0.0,0.0,0.0,0.0
1051861368,0.0,0.0,0.0,0.0,167158290,0.0,0.0,0.0,0.0
16745524,0.0,0.0,0.000312597686777,0.000104199228926,225275226,0.0,0.000625,0.000625,0.000416666666667
2735681,0.000392156862745,0.000392156862745,0.000392156862745,0.000392156862745,7241202,0.0,0.000548245614035,0.000548245614035,0.000365497076023
16506112,0.0,0.0,0.0,0.0,182911422,0.0,0.000423549343499,0.0,0.0001411831145
12848732,0.0,0.0,0.0,0.0,475425919,0.0,0.0,0.0,0.0
107837065,0.0003125,0.0,0.0003125,0.000208333333333,301752809,0.0,0.0009765625,0.0009765625,0.000651041666667
106901177,0.0,0.0,0.0,0.0,737518826,0.0,0.0,0.0,0.0
109290761,0.0,0.0,0.0,0.0,17171013,0.0,0.0,0.0,0.0
10424,0.0,0.0,0.0,0.0,9978912,0.0,0.0009375,0.00125,0.000729166666667
16172314,0.0015625,0.001875,0.0009375,0.00145833333333,349069476,0.000315855969678,0.00157927984839,0.000947567909033,0.000947567909034
14189914,0.0,0.0,0.0,0.0,30504968,0.000408830744072,0.0,0.0,0.000136276914691
14109347,0.0,0.0,0.0,0.0,15212492,0.0,0.0,0.0,0.0
7210962,0.0,0.0003125,0.0,0.000104166666667,123357807,0.0,0.000687285223368,0.000343642611684,0.000343642611684
14053431,0.0,0.0,0.000312597686777,0.000104199228926,291977085,0.0,0.0,0.0,0.0
14299859,0.0003125,0.0,0.0003125,0.000208333333333,64740254,0.0,0.0,0.0,0.0
15134882,0.0,0.0,0.0003125,0.000104166666667,62070912,0.0,0.0,0.0,0.0
106552924,0.000312793243666,0.000625586487332,0.0,0.000312793243666,790582184,0.0,0.0,0.0,0.0
14331571,0.0,0.0,0.0,0.0,7094272,0.0,0.0003125,0.0,0.000104166666667
104330669,0.0,0.0,0.0,0.0,37744859,0.0,0.00102915951973,0.00102915951973,0.000686106346487
10365822,0.0,0.0003125,0.0,0.000104166666667,15018192,0.00035360678925,0.00106082036775,0.00035360678925,0.00058934464875
16308329,0.0,0.0,0.0,0.0,12575422,0.0,0.0,0.0,0.0
1094906196,0.0,0.0,0.0,0.0,50066407,0.0,0.0,0.0,0.0
2957091,0.0003125,0.0003125,0.0,0.000208333333333,7235952,0.0,0.000940438871473,0.000626959247649,0.000522466039707
723993,0.0003125,0.0009375,0.000625,0.000625,14983131,0.0,0.0,0.0,0.0
613393,0.000454959053685,0.0,0.000454959053685,0.00030330603579,11996222,0.0,0.00125,0.000625,0.000625
1675101,0.0,0.0003125,0.0009375,0.000416666666667,40320840,0.0,0.0,0.0,0.0
7074982,0.000625,0.0003125,0.000625,0.000520833333333,94868764,0.0,0.0,0.0,0.0
2136011,0.0,0.0,0.0,0.0,6069762,0.0,0.0,0.0,0.0
17419031,0.0003125,0.0,0.0,0.000104166666667,16091611,0.0,0.0,0.0,0.0
81683,0.0,0.0,0.0,0.0,4455451,0.0003125,0.0,0.0,0.000104166666667
7193212,0.0,0.0,0.0,0.0,14851118,0.0,0.00093896713615,0.00093896713615,0.000625978090767
19293,0.0,0.0,0.0,0.0,7230452,0.0,0.0,0.0,0.0
14416315,0.0,0.000417014178482,0.0,0.000139004726161,106827236,0.0,0.0,0.0,0.0
15921136,0.0,0.0003125,0.000625,0.0003125,16863420,0.0,0.0,0.0,0.0
26333,0.0,0.0,0.0,0.0,4455451,0.0003125,0.0,0.0,0.000104166666667
16143288,0.0,0.0,0.0,0.0,14714118,0.0,0.0,0.0,0.0
15091556,0.0,0.000654022236756,0.0,0.000218007412252,8872712,0.0,0.000458926112896,0.000458926112896,0.000305950741931
16051719,0.0,0.000951474785918,0.000475737392959,0.000475737392959,39916196,0.0,0.00033422459893,0.0,0.000111408199643
14837084,0.0,0.000625,0.0003125,0.0003125,7892572,0.000625,0.0015625,0.0,0.000729166666667
111464878,0.0,0.000625,0.0003125,0.0003125,57380592,0.0,0.0,0.0,0.0
14716642,0.0,0.0,0.0,0.0,8321092,0.0,0.0,0.0,0.0
1548561,0.0,0.0003125,0.0003125,0.000208333333333,14104415,0.0,0.000625,0.0003125,0.0003125
15031327,0.0,0.0,0.0,0.0,15604221,0.0,0.0,0.0,0.0
5656352,0.0003125,0.000625,0.00125,0.000729166666667,16239181,0.0,0.0,0.0,0.0
16034037,0.0,0.0,0.0,0.0,979644625,0.0,0.0,0.0,0.0
14215713,0.0,0.000630715862504,0.0,0.000210238620835,62347085,0.0,0.0,0.0,0.0
15268352,0.000625,0.000625,0.000625,0.000625,492587762,0.0,0.0,0.0,0.0
8978972,0.0,0.00107411385607,0.0,0.000358037952023,16364866,0.0,0.000468823253633,0.0,0.000156274417878
15514997,0.0,0.0,0.00031328320802,0.000104427736007,105715047,0.0,0.0,0.000336473755047,0.000112157918349
15871053,0.0003125,0.0003125,0.000625,0.000416666666667,5532312,0.0,0.000394477317554,0.000394477317554,0.000262984878369
15695168,0.0003125,0.0009375,0.0009375,0.000729166666667,17820652,0.000625,0.00125,0.0015625,0.00114583333333
16382824,0.0,0.000625,0.0,0.000208333333333,258498461,0.0,0.0,0.0,0.0
10102802,0.0,0.0,0.0003125,0.000104166666667,791898,0.0,0.0,0.0,0.0
11887622,0.000625,0.0009375,0.000625,0.000729166666667,15865532,0.0,0.0,0.000312989045383,0.000104329681794
14727327,0.0,0.0,0.0,0.0,311778208,0.0,0.0,0.0,0.0
14691195,0.0,0.0,0.0,0.0,548129480,0.0,0.0,0.0,0.0
1041141787,0.0,0.0,0.0,0.0,423967879,0.0,0.00064082024992,0.00064082024992,0.000427213499947
15537027,0.0,0.0003125,0.0,0.000104166666667,15487302,0.000625,0.000625,0.0009375,0.000729166666667
14575395,0.0,0.000314762354422,0.000314762354422,0.000209841569615,14248933,0.0,0.0003125,0.0003125,0.000208333333333
14348769,0.0,0.000486854917235,0.000486854917235,0.000324569944823,5291742,0.0,0.0,0.00139470013947,0.00046490004649
13949182,0.0,0.0018775816748,0.000375516334961,0.00075103266992,2251344588,0.0,0.0,0.0,0.0
1639531,0.0,0.0,0.0,0.0,6831362,0.0,0.0,0.0003125,0.000104166666667
12337,0.0,0.0003125,0.0003125,0.000208333333333,6035092,0.000625,0.000625,0.000625,0.000625
14997097,0.0,0.00143266475645,0.0,0.000477554918817,16878195,0.000938526513374,0.00187705302675,0.000938526513374,0.0012513686845
15398998,0.0,0.000943099654197,0.0012574662056,0.000733521953266,14401418,0.0003125,0.0009375,0.000625,0.000625
14239051,0.0,0.0,0.0,0.0,20461992,0.0,0.0,0.0,0.0
17414939,0.0,0.0,0.0,0.0,87545660,0.0,0.0,0.0,0.0
13499342,0.0003125,0.0,0.000625,0.0003125,15172311,0.0,0.0,0.0,0.0
16194790,0.00031328320802,0.00093984962406,0.00031328320802,0.000522138680033,28599737,0.0,0.0,0.0,0.0
11953642,0.0,0.0003125,0.000625,0.0003125,15072619,0.0003125,0.0009375,0.0,0.000416666666667
108951868,0.0,0.0,0.0,0.0,238725651,0.0,0.0,0.0,0.0
6146052,0.0003125,0.0009375,0.000625,0.000625,14278956,0.0,0.00056657223796,0.00056657223796,0.000377714825307
7093932,0.0,0.0003125,0.0003125,0.000208333333333,6686642,0.0003125,0.000625,0.0,0.0003125
16975470,0.0,0.0,0.0,0.0,15587980,0.0,0.0,0.0,0.0
15014186,0.0003125,0.0003125,0.0,0.000208333333333,889782156,0.0,0.0,0.0,0.0
9266222,0.000312695434647,0.000625390869293,0.000312695434647,0.000416927246196,179790368,0.0,0.0,0.0,0.0
13160652,0.0003125,0.0003125,0.0003125,0.0003125,44370540,0.0,0.0003125,0.0,0.000104166666667
108341061,0.0,0.0,0.0,0.0,29358626,0.0,0.0,0.0,0.0
14657846,0.0,0.00125,0.000625,0.000625,16701877,0.0,0.00125,0.000625,0.000625
12891942,0.0,0.0,0.0,0.0,16422854,0.0003125,0.0009375,0.00125,0.000833333333333
14968717,0.0,0.0,0.0,0.0,626085020,0.000625,0.0,0.0,0.000208333333333
12274362,0.0,0.0,0.0,0.0,14297648,0.000625,0.0003125,0.000625,0.000520833333333
1200731,0.000312989045383,0.000625978090767,0.0,0.000312989045383,14195078,0.0003125,0.0009375,0.0,0.000416666666667
106748752,0.0,0.0,0.0,0.0,103057840,0.0,0.0,0.0,0.0
1090690837,0.0,0.0,0.0,0.0,943456676,0.0,0.0,0.0,0.0
17159131,0.0,0.00108636610538,0.0,0.000362122035127,174841674,0.0,0.00064308681672,0.00128617363344,0.00064308681672
780635,0.0003125,0.0,0.0003125,0.000208333333333,39424195,0.0,0.0,0.0,0.0
15751651,0.0,0.0003125,0.0003125,0.000208333333333,15637908,0.0003125,0.001875,0.0015625,0.00125
15871185,0.0,0.000542593597396,0.00108518719479,0.000542593597395,23002960,0.0,0.00171232876712,0.00171232876712,0.00114155251141
14516915,0.0003125,0.0009375,0.0003125,0.000520833333333,340058785,0.0,0.0,0.0,0.0
17584334,0.0003125,0.0021875,0.0009375,0.00114583333333,117828219,0.0,0.0,0.0,0.0
108098922,0.0,0.0,0.0,0.0,1097769618,0.0,0.0,0.0,0.0
16314953,0.0003125,0.0,0.0003125,0.000208333333333,15878473,0.000625,0.001875,0.0009375,0.00114583333333
12441022,0.0,0.0003125,0.0003125,0.000208333333333,152050419,0.0,0.0,0.0,0.0
14285845,0.0,0.0,0.0,0.0,157782224,0.0,0.0,0.0,0.0
11779182,0.0,0.00093926111459,0.0,0.000313087038197,40362652,0.0003125,0.000625,0.000625,0.000520833333333
14959209,0.0,0.0003125,0.0003125,0.000208333333333,17064644,0.0,0.0,0.0,0.0
15436846,0.0,0.0,0.0,0.0,52236551,0.0,0.0,0.0,0.0
1298,0.0003125,0.0,0.0003125,0.000208333333333,24450407,0.000625,0.0009375,0.0003125,0.000625
1007597234,0.0,0.000728332119446,0.0,0.000242777373149,29120473,0.0,0.000405186385737,0.0,0.000135062128579
15377385,0.0003125,0.0009375,0.0,0.000416666666667,6562172,0.0,0.0,0.0003125,0.000104166666667
16160209,0.000625,0.0003125,0.000625,0.000520833333333,9468812,0.000625,0.0,0.0003125,0.0003125
16527677,0.000313087038197,0.000626174076393,0.00093926111459,0.000626174076393,494711833,0.0,0.0,0.0,0.0
11690752,0.0003125,0.0003125,0.0,0.000208333333333,2332841,0.0003125,0.0,0.0003125,0.000208333333333
15938183,0.0,0.000387747188833,0.0,0.000129249062944,446612911,0.0,0.0,0.0,0.0
16295296,0.0,0.0,0.0,0.0,54221508,0.0,0.0,0.0,0.0
16233212,0.0,0.0,0.0,0.0,69419260,0.0,0.0,0.0,0.0
14564002,0.0003125,0.0,0.0003125,0.000208333333333,18502397,0.0,0.0,0.0,0.0
6111212,0.0,0.0,0.0,0.0,16393981,0.0,0.0,0.0,0.0
14181179,0.0,0.0,0.0,0.0,60314899,0.0,0.0,0.0,0.0
109376875,0.0,0.0,0.0,0.0,42991365,0.0,0.0,0.0,0.0
15457700,0.0,0.00125,0.000625,0.000625,106795577,0.000838222967309,0.0,0.00167644593462,0.00083822296731
17487338,0.0,0.0,0.0,0.0,26445903,0.00033433634236,0.000668672684721,0.00033433634236,0.000445781789814
639633,0.000418760469012,0.0,0.0,0.000139586823004,17888112,0.0,0.0,0.0008038585209,0.0002679528403
15907682,0.0,0.0,0.0003125,0.000104166666667,720567793,0.0,0.000316255534472,0.0,0.000105418511491
1064782064,0.0,0.0,0.0,0.0,261866723,0.0,0.000319182891797,0.000319182891797,0.000212788594531
1067226108,0.0,0.0,0.0,0.0,34141579,0.0,0.0,0.0,0.0
1110654090,0.0,0.0,0.0,0.0,314743251,0.0003125,0.0003125,0.0,0.000208333333333
6943122,0.0,0.000312989045383,0.000625978090767,0.000312989045383,36577909,0.00125,0.0015625,0.0015625,0.00145833333333
15903641,0.0,0.0,0.0,0.0,8169632,0.0,0.0,0.0,0.0
635703,0.0003125,0.0003125,0.0,0.000208333333333,6904702,0.0003125,0.0,0.000625,0.0003125
14067135,0.0,0.0,0.0,0.0,14067659,0.0,0.0,0.0,0.0
17107707,0.0,0.0,0.0,0.0,18873027,0.0,0.0,0.0,0.0
14989091,0.0,0.0,0.0,0.0,1385401,0.0,0.0,0.0,0.0
15605972,0.0,0.0,0.0,0.0,807287510,0.00125,0.0009375,0.0003125,0.000833333333333
14707481,0.000313873195229,0.0,0.000313873195229,0.000209248796819,100003044,0.0003125,0.0009375,0.00125,0.000833333333333
2402621,0.000625,0.000625,0.0,0.000416666666667,18231645,0.000343288705802,0.000343288705802,0.000343288705802,0.000343288705802
14960579,0.0,0.000625,0.000625,0.000416666666667,18727981,0.0,0.0,0.0,0.0
15281670,0.0,0.000625,0.0003125,0.0003125,106433398,0.000625,0.0009375,0.000625,0.000729166666667
16622183,0.0,0.0015625,0.0003125,0.000625,62383482,0.0,0.000891265597148,0.0,0.000297088532383
10127652,0.0003125,0.0,0.0009375,0.000416666666667,18754379,0.0003125,0.0009375,0.0009375,0.000729166666667
16144278,0.0,0.0,0.0,0.0,9497752,0.0,0.0,0.0,0.0
15365981,0.0,0.0003125,0.0,0.000104166666667,33970790,0.0,0.0,0.0,0.0
