u,u_AH,u_DD,u_TA,u_avg,m,m_AH,m_DD,m_TA,m_avg
2331661,0.0,0.000625,0.0003125,0.0003125,19802495,0.0,0.0,0.0,0.0
102264325,0.0,0.0,0.0,0.0,621110578,0.0,0.0,0.0,0.0
109639963,0.0,0.0,0.0,0.0,1247733216,0.0,0.0,0.0,0.0
101614424,0.0,0.000625,0.0003125,0.0003125,601050572,0.0,0.0,0.0,0.0
14701398,0.0,0.0,0.0,0.0,11850552,0.0,0.0,0.000698080279232,0.000232693426411
16826120,0.0,0.0,0.0,0.0,14140714,0.0,0.0,0.0,0.0
16655538,0.0,0.0,0.0,0.0,240909046,0.0,0.0,0.0,0.0
16151417,0.0,0.0,0.0,0.0,364218004,0.0,0.0003125,0.0,0.000104166666667
7744872,0.0,0.0,0.0,0.0,86146896,0.0,0.0003125,0.0,0.000104166666667
9464032,0.0,0.000625,0.000625,0.000416666666667,28031373,0.0,0.000380228136882,0.000380228136882,0.000253485424588
16494614,0.0,0.0,0.0,0.0,9448482,0.0,0.000626174076393,0.0,0.000208724692131
1023530563,0.0,0.0,0.0,0.0,98928270,0.0,0.0,0.0,0.0
106396953,0.0,0.0,0.0,0.0,2188852928,0.0,0.0,0.0,0.0
14188726,0.0003125,0.0009375,0.0,0.000416666666667,19794823,0.0,0.0,0.0,0.0
696373,0.0,0.0,0.0,0.0,58826916,0.0,0.000312989045383,0.000312989045383,0.000208659363589
15779668,0.0,0.000583430571762,0.0,0.000194476857254,946733918,0.0,0.0,0.0,0.0
15454141,0.0,0.0,0.0,0.0,81449012,0.0,0.0,0.0,0.0
102679354,0.0,0.0,0.0,0.0,29026171,0.0,0.000422119037569,0.0,0.000140706345856
9316452,0.0,0.0,0.0,0.0,15379361,0.0,0.000625,0.0,0.000208333333333
1096691930,0.0,0.0,0.0,0.0,321765765,0.0,0.0,0.0,0.0
15165295,0.0,0.0,0.0,0.0,1447051,0.0,0.0,0.0,0.0
15079599,0.0003125,0.0,0.0003125,0.000208333333333,58591661,0.0003125,0.0003125,0.0,0.000208333333333
107246962,0.0003125,0.0,0.0,0.000104166666667,21066564,0.0,0.0003125,0.0,0.000104166666667
9215822,0.0,0.0,0.0,0.0,18582282,0.0,0.0,0.0,0.0
15399280,0.0,0.0,0.0,0.0,102577234,0.000313873195229,0.0,0.000313873195229,0.000209248796819
16090307,0.0,0.0003125,0.0,0.000104166666667,32466299,0.0,0.0003125,0.0,0.000104166666667
12311502,0.0,0.0,0.0,0.0,21584886,0.0,0.0,0.0,0.0
15964765,0.0,0.0,0.0,0.0,2248982805,0.0,0.0,0.0,0.0
14954230,0.0,0.0,0.0,0.0,15504883,0.0,0.000625,0.0,0.000208333333333
9644292,0.0,0.0003125,0.0,0.000104166666667,16145806,0.0,0.0,0.0,0.0
15272034,0.0009375,0.001875,0.0009375,0.00125,76160353,0.0,0.000697836706211,0.0,0.000232612235404
16486740,0.0,0.0,0.0,0.0,28493793,0.0,0.000379939209726,0.0,0.000126646403242
868851,0.0,0.0,0.0,0.0,33914283,0.0,0.0,0.0,0.0
14577027,0.0,0.0,0.0,0.0,65449550,0.0,0.0,0.0,0.0
8698052,0.0,0.0,0.0,0.0,25363479,0.0,0.0,0.0,0.0
16568344,0.0,0.0,0.0,0.0,244818597,0.0,0.0,0.0,0.0
16293106,0.0,0.0,0.0,0.0,24322218,0.000447227191413,0.000894454382826,0.000447227191413,0.000596302921884
14727898,0.0,0.0,0.0,0.0,227767527,0.0,0.0,0.0,0.0
10290652,0.0,0.0003125,0.0,0.000104166666667,18965534,0.0,0.000406173842405,0.0,0.000135391280802
14295217,0.0,0.00125,0.0,0.000416666666667,20149263,0.0,0.000625,0.0,0.000208333333333
7894312,0.0,0.0,0.0,0.0,14089394,0.0,0.0,0.0,0.0
15549696,0.0,0.0003125,0.0,0.000104166666667,173216343,0.0,0.0,0.0,0.0
15937205,0.0,0.0,0.0,0.0,14538587,0.0,0.0,0.0,0.0
108032638,0.0,0.0003125,0.0,0.000104166666667,38117147,0.000625,0.0003125,0.0003125,0.000416666666667
796204,0.0,0.0,0.0,0.0,754873,0.0,0.000454959053685,0.0,0.000151653017895
13931552,0.0,0.0,0.0,0.0,23646605,0.0,0.0003125,0.0,0.000104166666667
5366432,0.0003125,0.0,0.0,0.000104166666667,252833871,0.0,0.0,0.0,0.0
17902903,0.0,0.000313479623824,0.0,0.000104493207941,15988366,0.0003125,0.0003125,0.0003125,0.0003125
2579501,0.0,0.0,0.0,0.0,58582256,0.0,0.0,0.0,0.0
711993,0.0,0.0,0.0,0.0,23009028,0.0,0.0,0.0,0.0
7464012,0.0,0.0,0.0,0.0,635648899,0.0,0.0,0.0,0.0
1049509207,0.0,0.0,0.0,0.0,71227094,0.0,0.0,0.0,0.0
10646292,0.0,0.0,0.0,0.0,22522548,0.0,0.0,0.0,0.0
16726590,0.0003125,0.000625,0.0003125,0.000416666666667,16076093,0.0,0.0,0.0,0.0
104067361,0.0,0.0,0.0,0.0,492879213,0.000534759358289,0.000534759358289,0.0,0.000356506238859
101643141,0.0,0.0,0.0,0.0,359440303,0.0,0.0,0.0,0.0
16243371,0.0,0.0,0.0,0.0,18875363,0.0,0.0,0.0,0.0
15067807,0.0,0.0003125,0.0,0.000104166666667,267225946,0.0,0.0,0.0,0.0
15019557,0.0,0.0,0.0,0.0,24981233,0.0,0.0,0.0,0.0
15327423,0.0,0.0003125,0.0,0.000104166666667,15905278,0.0,0.0,0.0,0.0
15282914,0.0,0.0,0.0,0.0,17521587,0.0,0.0,0.0,0.0
15780421,0.0,0.0,0.0,0.0,1302381,0.0,0.0,0.0,0.0
13837052,0.0,0.0003125,0.0003125,0.000208333333333,14411653,0.00048828125,0.0,0.00048828125,0.000325520833333
16526792,0.0,0.0,0.0,0.0,248251149,0.0,0.0,0.0,0.0
14841678,0.0,0.0009375,0.0003125,0.000416666666667,28161575,0.0,0.0,0.0,0.0
106520701,0.0,0.0,0.0,0.0,132241846,0.0,0.0,0.0,0.0
14440342,0.0,0.0,0.0,0.0,739823,0.0,0.000455373406193,0.0,0.000151791135398
110738370,0.0,0.0,0.0,0.0,179599671,0.0,0.0,0.0,0.0
14378083,0.0,0.0,0.0,0.0,24499006,0.0,0.000321027287319,0.0,0.000107009095773
15070256,0.0,0.0,0.0,0.0,78899682,0.0003125,0.0003125,0.0003125,0.0003125
16939849,0.0,0.0,0.0,0.0,463134137,0.0,0.00175746924429,0.0,0.00058582308143
14213706,0.0,0.0003125,0.0003125,0.000208333333333,16144675,0.0,0.0,0.0003125,0.000104166666667
18066814,0.0,0.0,0.0,0.0,22777708,0.0,0.0,0.0,0.0
14381635,0.0,0.0,0.0,0.0,14125580,0.0,0.0,0.0,0.0
11284462,0.0,0.00039169604387,0.0,0.000130565347957,3730001,0.000316355583676,0.000949066751028,0.000316355583676,0.000527259306127
11949732,0.0003125,0.0003125,0.0,0.000208333333333,259449883,0.0003125,0.0,0.0,0.000104166666667
14869120,0.0,0.0,0.0,0.0,301717213,0.0,0.0,0.0,0.0
12696582,0.0,0.0003125,0.0,0.000104166666667,4621031,0.0,0.0,0.0,0.0
16790103,0.0,0.0,0.0,0.0,36116646,0.0,0.0,0.0,0.0
14668917,0.0,0.0,0.0,0.0,16426053,0.0,0.0,0.0,0.0
16740395,0.0,0.0,0.0,0.0,44206801,0.0,0.0,0.0,0.0
15324423,0.000360620266859,0.000360620266859,0.0,0.000240413511239,18977759,0.0,0.0,0.0,0.0
106498932,0.0,0.0003125,0.0,0.000104166666667,16545358,0.0,0.0,0.0003125,0.000104166666667
16244374,0.0,0.0,0.0,0.0,48170427,0.0,0.0,0.0,0.0
14883625,0.0,0.0,0.0,0.0,65188654,0.0,0.0,0.0,0.0
15650234,0.0,0.0,0.0,0.0,621403263,0.0,0.000858000858001,0.000429000429,0.000429000429
15287663,0.0003125,0.0,0.0,0.000104166666667,14298131,0.0,0.0003125,0.0,0.000104166666667
12100282,0.0,0.0,0.0,0.0,59210390,0.0,0.0,0.0,0.0
15098303,0.0,0.0,0.0,0.0,62462658,0.0,0.0,0.0,0.0
15616358,0.0,0.0,0.0,0.0,24455362,0.0,0.0,0.0,0.0
1185921,0.0,0.0,0.0,0.0,182276809,0.0,0.0,0.0,0.0
79043,0.0,0.0003125,0.0003125,0.000208333333333,8978022,0.0,0.0003125,0.0,0.000104166666667
15519616,0.0,0.000625,0.0,0.000208333333333,18131112,0.0,0.0,0.0,0.0
16081882,0.0,0.0,0.0,0.0,293520755,0.0,0.0,0.0,0.0
16533954,0.0,0.0,0.0,0.0,20744082,0.0,0.0,0.0,0.0
12382092,0.0,0.0,0.0,0.0,1710623857,0.0,0.0,0.0,0.0
111110037,0.0,0.0,0.0,0.0,171373025,0.0,0.0,0.0,0.0
17909836,0.0,0.0,0.0,0.0,4238681,0.0,0.0,0.0,0.0
102568855,0.0,0.0,0.0003125,0.000104166666667,23194967,0.0,0.0,0.0,0.0
6686662,0.0,0.0,0.0,0.0,29239820,0.0,0.0,0.0,0.0
14638696,0.0,0.0,0.0,0.0,303058612,0.0,0.0,0.0,0.0
14590967,0.0,0.0,0.0,0.0,241840562,0.0,0.0,0.0,0.0
13755232,0.0,0.0,0.0,0.0,9824462,0.0,0.0,0.0,0.0
16996812,0.0,0.000312695434647,0.0,0.000104231811549,17007060,0.0,0.0,0.0,0.0
16674258,0.0,0.0,0.0,0.0,230288598,0.0,0.0,0.0,0.0
4957631,0.0,0.0,0.0,0.0,331997590,0.0,0.0,0.0,0.0
16062261,0.0,0.0,0.0,0.0,1606683882,0.0,0.0,0.0,0.0
15997137,0.0003125,0.0,0.0,0.000104166666667,1660509218,0.0,0.0,0.0,0.0
14882929,0.0,0.0,0.0,0.0,132019311,0.0,0.0,0.0,0.0
3328331,0.0003125,0.0003125,0.0003125,0.0003125,1591711,0.0,0.0003125,0.0003125,0.000208333333333
11953602,0.0,0.0,0.0,0.0,16141481,0.0,0.0003125,0.0003125,0.000208333333333
15086730,0.0,0.000625,0.0,0.000208333333333,117503294,0.0,0.0003125,0.0,0.000104166666667
14584933,0.0,0.000625,0.000625,0.000416666666667,29912142,0.0,0.0,0.0,0.0
7190352,0.0,0.0,0.0,0.0,229333311,0.0,0.0,0.0,0.0
14531598,0.0,0.0,0.0,0.0,74662686,0.0,0.0,0.0,0.0
17434534,0.0,0.0,0.0,0.0,154382081,0.0,0.0,0.0,0.0
8853502,0.0,0.0,0.0,0.0,415015228,0.0,0.0,0.0,0.0
9461802,0.0003125,0.0009375,0.00125,0.000833333333333,287732630,0.0,0.0015625,0.0003125,0.000625
16075476,0.0,0.0,0.0,0.0,33958035,0.0,0.0,0.0,0.0
17518998,0.0,0.0,0.0,0.0,26425503,0.0,0.0,0.0,0.0
15657263,0.0,0.0,0.0,0.0,14858726,0.0,0.0,0.0,0.0
16917949,0.0003125,0.0,0.0003125,0.000208333333333,838522020,0.0,0.0,0.0,0.0
1027412222,0.0,0.0,0.0,0.0,18440685,0.0,0.0,0.0,0.0
14316456,0.000319795330988,0.000319795330988,0.0,0.000213196887325,36771896,0.0,0.0003125,0.0,0.000104166666667
16913588,0.0,0.0,0.0,0.0,23378408,0.0,0.0,0.0,0.0
101784496,0.0,0.0,0.0,0.0,466580845,0.0,0.0,0.0,0.0
17074790,0.0,0.0,0.0,0.0,594422988,0.0,0.0,0.0,0.0
6510222,0.0,0.0,0.0,0.0,282776406,0.0,0.0,0.0,0.0
15461742,0.0,0.0003125,0.0,0.000104166666667,306897327,0.0,0.0,0.0,0.0
15369953,0.0,0.00031318509239,0.0,0.000104395030797,103876997,0.0,0.0,0.0,0.0
15888117,0.0,0.000312989045383,0.000312989045383,0.000208659363589,14983638,0.0,0.0,0.0,0.0
15046435,0.000319386777387,0.000319386777387,0.0,0.000212924518258,39061432,0.0,0.0,0.0,0.0
16685679,0.0,0.0,0.0,0.0,39057311,0.0,0.0,0.0,0.0
17997493,0.0003125,0.0,0.000625,0.0003125,17792890,0.0,0.0,0.0,0.0
10920842,0.0,0.0,0.0,0.0,16233647,0.0,0.0003125,0.0,0.000104166666667
110433383,0.0,0.0,0.0,0.0,15378848,0.0,0.0,0.0,0.0
15686622,0.0,0.0003125,0.0003125,0.000208333333333,20487182,0.0003125,0.0003125,0.0003125,0.0003125
14980449,0.0,0.0,0.0,0.0,4250951,0.0,0.0,0.0,0.0
11548512,0.0,0.0,0.0,0.0,213487711,0.0,0.00031318509239,0.0,0.000104395030797
1733621,0.0,0.0,0.0,0.0,32750677,0.0,0.0,0.0,0.0
107154340,0.0,0.000394321766562,0.0,0.000131440588854,50412653,0.0,0.0,0.0,0.0
101609061,0.0,0.0,0.0,0.0,160940622,0.0,0.0,0.0,0.0
105187363,0.0,0.0,0.0,0.0,292730317,0.0,0.0,0.0,0.0
16076444,0.0,0.0,0.0,0.0,22802981,0.0,0.0,0.0,0.0
111151851,0.0,0.0,0.0,0.0,39313116,0.0,0.0,0.0,0.0
16284868,0.0,0.000318775900542,0.000318775900542,0.000212517267028,521900772,0.0,0.0,0.0,0.0
16314567,0.0,0.0,0.0,0.0,312213840,0.0,0.0,0.0,0.0
14176205,0.0,0.0,0.0,0.0,14827338,0.0,0.0,0.0,0.0
12618652,0.0,0.0,0.0,0.0,18460854,0.0,0.0,0.0,0.0
772681,0.0,0.00031328320802,0.0,0.000104427736007,9075622,0.0,0.0,0.0,0.0
14362281,0.0,0.0,0.0,0.0,467785814,0.0,0.0,0.0,0.0
107655144,0.0,0.0,0.0,0.0,410470766,0.0,0.0,0.0,0.0
1878461,0.0003125,0.0,0.0,0.000104166666667,8705472,0.0,0.000359324469996,0.0,0.000119774823332
7170552,0.0,0.0,0.0,0.0,18488356,0.0,0.0,0.0,0.0
1102400004,0.0,0.0,0.0,0.0,231649158,0.0,0.0,0.0,0.0
10198562,0.0,0.0,0.0,0.0,569426821,0.0,0.0,0.0,0.0
15980436,0.0,0.000342114266165,0.0,0.000114038088722,231954529,0.0,0.0,0.0,0.0
17418107,0.0,0.0,0.0,0.0,79757665,0.0,0.0,0.0,0.0
15081912,0.0,0.0,0.0,0.0,18312906,0.0,0.000616903146206,0.0,0.000205634382069
107794125,0.0,0.0,0.0,0.0,25782605,0.0,0.0,0.0,0.0
15343190,0.0003125,0.000625,0.0003125,0.000416666666667,23714210,0.0,0.0,0.0,0.0
16107938,0.0,0.0,0.0,0.0,37758565,0.0,0.0,0.0,0.0
3253291,0.0,0.0,0.0,0.0,322640325,0.0,0.0,0.0,0.0
14059991,0.0,0.0003125,0.0,0.000104166666667,43965991,0.0,0.0,0.0,0.0
16039517,0.0,0.0,0.0,0.0,32678585,0.0,0.0,0.0,0.0
17131461,0.0,0.0,0.000312597686777,0.000104199228926,28728887,0.0,0.0,0.0,0.0
16407278,0.0,0.0,0.0,0.0,164687069,0.0,0.0,0.0,0.0
716203,0.0,0.0,0.0,0.0,13288592,0.0,0.0,0.000487329434698,0.000162443144899
14295550,0.0,0.0003125,0.0,0.000104166666667,181961372,0.0,0.0,0.0,0.0
14383744,0.0,0.0,0.0,0.0,32970910,0.0,0.0003125,0.0,0.000104166666667
18088714,0.0,0.0,0.0,0.0,16374154,0.0,0.0,0.0,0.0
14449208,0.0,0.000379939209726,0.0,0.000126646403242,14397300,0.0,0.0,0.0,0.0
15386213,0.0,0.0,0.0,0.0,240424720,0.0,0.0,0.0,0.0
661663,0.0,0.0,0.0,0.0,53527083,0.0,0.0,0.0,0.0
14349125,0.0,0.0,0.0,0.0,12009262,0.0,0.0,0.0,0.0
1016539345,0.0,0.0,0.0,0.0,17857390,0.0,0.0,0.0,0.0
3573051,0.0,0.0,0.0,0.0,1034951,0.0,0.0,0.0,0.0
14540548,0.0,0.000625,0.0003125,0.0003125,21723707,0.000337154416723,0.0,0.0,0.000112384805574
16736551,0.0003125,0.000625,0.0003125,0.000416666666667,60538003,0.0,0.0,0.0,0.0
14125309,0.000625,0.0,0.0,0.000208333333333,39588285,0.0,0.0,0.0,0.0
15821042,0.0,0.0,0.0,0.0,330475112,0.0,0.0003125,0.0003125,0.000208333333333
16043494,0.0,0.0,0.0,0.0,16467958,0.0,0.0003125,0.0,0.000104166666667
15175001,0.0,0.000457875457875,0.0,0.000152625152625,19277704,0.0,0.0,0.0,0.0
7403662,0.0,0.00111420612813,0.0,0.00037140204271,14310461,0.0,0.0,0.0,0.0
15105190,0.0,0.0,0.0,0.0,332034473,0.0,0.0,0.0,0.0
5042791,0.0,0.000625,0.0,0.000208333333333,24769620,0.0,0.0003125,0.0,0.000104166666667
111628992,0.0,0.000313087038197,0.0,0.000104362346066,37745464,0.0,0.0,0.0,0.0
4610,0.0,0.0,0.0,0.0,14960386,0.0,0.0,0.0,0.0
15117465,0.0,0.0,0.0,0.0,21792652,0.0,0.0,0.0,0.0
16221314,0.0,0.000389105058366,0.0,0.000129701686122,35530388,0.000328407224959,0.0,0.0,0.000109469074986
110039437,0.0,0.0,0.0,0.0,46267984,0.0,0.0,0.0,0.0
15859900,0.0,0.0,0.0,0.0,17872325,0.0,0.0,0.0,0.0
1036307198,0.0,0.0,0.0,0.0,71581571,0.0,0.0,0.0,0.0
17404331,0.0,0.0,0.0,0.0,82506968,0.0,0.0,0.0,0.0
5500152,0.0,0.0,0.0,0.0,9887102,0.0,0.0,0.0,0.0
15620548,0.0,0.0,0.0,0.0,57305941,0.0,0.0,0.0,0.0
16482862,0.0,0.0,0.0,0.0,25910027,0.0,0.000668002672011,0.000334001336005,0.000334001336005
14023752,0.0,0.000313577924114,0.000313577924114,0.000209051949409,322742783,0.0,0.0,0.0,0.0
6277422,0.0,0.0,0.0,0.0,399129501,0.0,0.0,0.0,0.0
14457321,0.0003125,0.0,0.0,0.000104166666667,1144581,0.0,0.0,0.0,0.0
101651543,0.0,0.0,0.0,0.0,389848059,0.0,0.0,0.0,0.0
15014195,0.0,0.0,0.0,0.0,240940403,0.0,0.0,0.0,0.0
778278,0.0,0.0,0.000556792873051,0.00018559762435,270437687,0.0,0.0,0.0,0.0
16047399,0.0,0.0003125,0.0,0.000104166666667,9376612,0.0,0.000502512562814,0.0,0.000167504187605
1224191,0.0,0.0,0.0,0.0,529574531,0.0,0.0,0.0,0.0
14655642,0.0,0.0,0.0,0.0,19373668,0.0,0.0,0.000313381385146,0.000104460461715
14096489,0.0,0.0,0.0,0.0,29839532,0.0,0.0,0.0,0.0
16484978,0.0,0.0,0.0,0.0,24097446,0.0,0.0,0.0,0.0
14485632,0.0,0.0,0.0,0.0,224825070,0.0,0.0,0.0,0.0
14833910,0.0,0.0,0.0,0.0,16143258,0.0,0.0,0.0,0.0
12228432,0.0,0.0,0.0,0.0,24072415,0.0003125,0.0,0.000625,0.0003125
15488813,0.0,0.0,0.0,0.0,346126684,0.0,0.0,0.0,0.0
16568592,0.0,0.0,0.0,0.0,611371755,0.0,0.0,0.0,0.0
14894995,0.0,0.0,0.0,0.0,47377779,0.0,0.0,0.0,0.0
17059176,0.0,0.0003125,0.0,0.000104166666667,30014205,0.0,0.0,0.0004662004662,0.0001554001554
111730173,0.0,0.0,0.0,0.0,16280059,0.0,0.0,0.0,0.0
107271920,0.0,0.0,0.0,0.0,2319560335,0.0,0.0,0.0,0.0
14734445,0.0,0.000625,0.0,0.000208333333333,10984582,0.0,0.000312793243666,0.000312793243666,0.000208528829111
14910868,0.0,0.0,0.0,0.0,21970052,0.0,0.0,0.0,0.0
16521461,0.0,0.0003125,0.0003125,0.000208333333333,13536042,0.0,0.0,0.0,0.0
105515885,0.0,0.0,0.0,0.0,76401593,0.0,0.0,0.0,0.0
5699752,0.0,0.0,0.0,0.0,14157559,0.0,0.0,0.0,0.0
14958060,0.0,0.0,0.0,0.0,20367824,0.0003125,0.0,0.0,0.000104166666667
15657636,0.000399042298484,0.000798084596967,0.0,0.000399042298484,15040299,0.0,0.0,0.0,0.0
7912002,0.0,0.0,0.0,0.0,15400119,0.0003125,0.0,0.0003125,0.000208333333333
15664541,0.0,0.0,0.0,0.0,16122463,0.0003125,0.0003125,0.0,0.000208333333333
109919865,0.0,0.00125,0.0,0.000416666666667,25125609,0.0,0.0,0.0,0.0
7769542,0.0003125,0.0003125,0.0003125,0.0003125,46401017,0.0,0.0,0.0,0.0
8129332,0.0,0.0,0.0,0.0,8461972,0.0,0.000359324469996,0.0,0.000119774823332
1939681,0.0,0.0003125,0.0,0.000104166666667,34953,0.0,0.0,0.0,0.0
10164402,0.0,0.0,0.0,0.0,87103923,0.0,0.0,0.0,0.0
107481941,0.0,0.0,0.0,0.0,187447902,0.0,0.0,0.0,0.0
657653,0.0,0.0,0.0003125,0.000104166666667,20989128,0.0,0.000826104915324,0.0,0.000275368305108
697843,0.0,0.0,0.0,0.0,102444625,0.0,0.0,0.0,0.0
16292041,0.0,0.0,0.0,0.0,21317572,0.0,0.0,0.0,0.0
109462459,0.0,0.0,0.0,0.0,408691010,0.0,0.00196463654224,0.0,0.000654878847413
7238102,0.0,0.0,0.0,0.0,6632012,0.0003125,0.0003125,0.0003125,0.0003125
16931308,0.000313087038197,0.000313087038197,0.000313087038197,0.000313087038197,61112155,0.0,0.0,0.0,0.0
740493,0.0,0.0,0.0,0.0,15780886,0.0,0.000780640124902,0.0,0.000260213374967
109608911,0.0,0.0,0.0,0.0,1478847912,0.0,0.0,0.000628535512256,0.000209511837419
14057722,0.0,0.000625,0.0,0.000208333333333,314085388,0.0,0.00149253731343,0.0,0.00049751243781
15575912,0.0,0.0,0.0,0.0,18086814,0.0,0.0,0.0,0.0
16679137,0.0,0.000467289719626,0.0,0.000155763239875,18462252,0.0,0.0003125,0.0,0.000104166666667
14814400,0.0,0.0,0.0,0.0,24359297,0.0,0.0003125,0.0,0.000104166666667
7895232,0.0,0.0,0.0,0.0,33258227,0.0,0.0,0.0,0.0
14851897,0.0003125,0.0009375,0.0,0.000416666666667,24911501,0.0,0.0,0.0,0.0
16175061,0.0,0.0,0.0,0.0,21346023,0.000625,0.0,0.0003125,0.0003125
15862808,0.0,0.0,0.0,0.0,21679555,0.0,0.0,0.0,0.0
14451152,0.0,0.0,0.0,0.0,277354010,0.0,0.0,0.0,0.0
15356413,0.0,0.0,0.0,0.0,78627993,0.0,0.0,0.0,0.0
9837852,0.0,0.0,0.0,0.0,14819012,0.0,0.0,0.0,0.0
33483,0.0,0.0,0.0,0.0,11677,0.0003125,0.0003125,0.000625,0.000416666666667
4794521,0.0,0.0,0.0,0.0,5538102,0.0,0.0,0.0,0.0
18030292,0.000313676286073,0.000313676286073,0.0,0.000209117524049,118773837,0.0,0.0003125,0.0,0.000104166666667
680723,0.0,0.0,0.0,0.0,123298926,0.0,0.0,0.0,0.0
11763132,0.0,0.0,0.0,0.0,87742918,0.0,0.0,0.0,0.0
14245427,0.0,0.0,0.0,0.0,597501503,0.0,0.0,0.0,0.0
15200056,0.0,0.0,0.0,0.0,20078633,0.0,0.000768639508071,0.0,0.000256213169357
101854650,0.0,0.0,0.000383582662064,0.000127860887355,566800820,0.0,0.0,0.0,0.0
14728079,0.0003125,0.0,0.0,0.000104166666667,4802221,0.0003125,0.000625,0.0003125,0.000416666666667
15370885,0.0,0.0003125,0.0,0.000104166666667,250802936,0.0,0.0,0.0,0.0
15566370,0.0,0.0,0.0,0.0,6043952,0.0,0.0003125,0.0,0.000104166666667
14713195,0.0,0.0,0.0,0.0,29243464,0.0003125,0.0009375,0.0003125,0.000520833333333
15456582,0.0,0.0,0.0,0.0,18710678,0.0003125,0.000625,0.0,0.0003125
16976167,0.0,0.0,0.0,0.0,18205134,0.0,0.0003125,0.0003125,0.000208333333333
1022972708,0.0,0.0,0.0,0.0,792653718,0.000317057704502,0.0,0.000317057704502,0.000211371803001
15015487,0.0,0.0,0.0,0.0,33568740,0.0,0.0,0.0,0.0
7109242,0.0,0.0,0.0,0.0,6667732,0.0,0.0,0.0,0.0
16790492,0.0,0.0003125,0.0,0.000104166666667,40979138,0.0003125,0.0003125,0.0,0.000208333333333
16482183,0.0,0.0,0.0,0.0,375216334,0.00031887755102,0.00031887755102,0.0,0.000212585034013
14986113,0.0003125,0.000625,0.0,0.0003125,21607561,0.0,0.0,0.0,0.0
18095165,0.0,0.0,0.0,0.0,23214041,0.0,0.0,0.0,0.0
15050533,0.0003125,0.0003125,0.0,0.000208333333333,337894983,0.0,0.0,0.0,0.0
14874521,0.0,0.000630119722747,0.0,0.000210039907582,240799228,0.0,0.0,0.0,0.0
14610325,0.0,0.0,0.0,0.0,18066898,0.0,0.0,0.0,0.0
14803274,0.000625,0.0009375,0.000625,0.000729166666667,308676144,0.0,0.0,0.0,0.0
8514472,0.0,0.0,0.0,0.0,1547541,0.0,0.0,0.0,0.0
5444902,0.0003125,0.0003125,0.0,0.000208333333333,20214975,0.0,0.0,0.0,0.0
9160012,0.0,0.0,0.0,0.0,14059039,0.0,0.0,0.0,0.0
14115537,0.0,0.000425170068027,0.0,0.000141723356009,560578609,0.0,0.0,0.0,0.0
110853657,0.0,0.000416840350146,0.000416840350146,0.000277893566764,18732741,0.0,0.0,0.0,0.0
15403426,0.0,0.0003125,0.0,0.000104166666667,2294824502,0.0,0.0,0.0,0.0
14134744,0.0,0.0,0.0,0.0,35026123,0.0,0.0,0.0,0.0
14461297,0.0,0.0,0.0,0.0,14712912,0.0,0.0,0.0,0.0
6247702,0.0,0.0,0.0,0.0,31383512,0.0,0.0,0.0,0.0
15743433,0.0,0.0,0.0,0.0,19476163,0.0,0.0,0.0,0.0
7110432,0.0,0.000842459983151,0.0,0.000280819994384,7405522,0.0,0.0,0.0,0.0
786836,0.0,0.000312695434647,0.0,0.000104231811549,325919893,0.0,0.0,0.0,0.0
17025283,0.0,0.0,0.0,0.0,110629726,0.0,0.0,0.0,0.0
14153491,0.0,0.0003125,0.0,0.000104166666667,2090761,0.0,0.0003125,0.0,0.000104166666667
14947842,0.000627352572146,0.000941028858218,0.000627352572146,0.00073191133417,361278957,0.0,0.0,0.0,0.0
2302011,0.0,0.0,0.0,0.0,229504051,0.0,0.0,0.0,0.0
14091934,0.0,0.0,0.0,0.0,19878777,0.0,0.0,0.0,0.0
14969949,0.0003125,0.0,0.0,0.000104166666667,13710542,0.0,0.0,0.0,0.0
15935090,0.0,0.0,0.0,0.0,13746182,0.000454545454545,0.0,0.000454545454545,0.00030303030303
104227032,0.0,0.0,0.0,0.0,869320926,0.0,0.0,0.0,0.0
16061466,0.0,0.0,0.0,0.0,207130790,0.0,0.0,0.0,0.0
102737360,0.0,0.0,0.0,0.0,32584493,0.0,0.0,0.0,0.0
15305338,0.0003125,0.0003125,0.0,0.000208333333333,4359601,0.0003125,0.0,0.0,0.000104166666667
14393117,0.0,0.0,0.0,0.0,60819490,0.0,0.0,0.0,0.0
10957612,0.0,0.000936329588015,0.0,0.000312109862672,278005891,0.0,0.0,0.0,0.0
15808174,0.0003125,0.0,0.0,0.000104166666667,207707767,0.0,0.0,0.0,0.0
14241311,0.0,0.0,0.0,0.0,1948021,0.000625,0.000625,0.00125,0.000833333333333
15310950,0.0,0.0,0.0,0.0,18367075,0.0,0.0,0.0,0.0
9463462,0.0003125,0.0,0.0,0.000104166666667,2527741,0.0,0.0,0.0,0.0
7222702,0.0,0.0,0.0,0.0,56445467,0.0,0.0,0.0,0.0
15712812,0.0,0.0,0.0,0.0,27810510,0.000313873195229,0.0,0.000313873195229,0.000209248796819
15667764,0.000625,0.0003125,0.0003125,0.000416666666667,17870798,0.0,0.0,0.0,0.0
14289663,0.0,0.0,0.0,0.0,21808041,0.0,0.0,0.0,0.0
111630894,0.0,0.0,0.0,0.0,73172728,0.0,0.0003125,0.0,0.000104166666667
17742515,0.0,0.0,0.0,0.0,14098400,0.0,0.000317863954228,0.0,0.000105954651409
15972182,0.0,0.0009375,0.0,0.0003125,142797785,0.0,0.000338753387534,0.000338753387534,0.000225835591689
11700622,0.0003125,0.000625,0.0,0.0003125,22530635,0.0,0.0,0.0,0.0
15334406,0.0,0.0,0.0,0.0,531865753,0.0,0.0,0.0,0.0
14797171,0.0,0.0,0.0,0.0,83666708,0.0003125,0.0003125,0.0,0.000208333333333
3187821,0.0,0.0,0.0,0.0,14417215,0.0,0.0,0.0,0.0
15789560,0.0,0.0,0.0,0.0,60607333,0.0,0.0,0.0,0.0
13023532,0.0,0.0003125,0.0,0.000104166666667,156082322,0.0,0.0,0.0,0.0
16321591,0.0,0.0003125,0.0,0.000104166666667,166295538,0.0,0.0003125,0.0,0.000104166666667
7319072,0.0,0.0003125,0.0,0.000104166666667,6978342,0.0,0.0,0.0,0.0
6940052,0.0,0.000328731097962,0.0,0.000109577032654,6604252,0.0,0.0,0.0,0.0
10386892,0.0,0.000341763499658,0.000341763499658,0.000227842333105,415786964,0.0,0.0,0.0,0.0
14510219,0.0,0.0,0.0,0.0,51132711,0.0,0.0,0.0,0.0
9488812,0.0,0.0,0.0,0.0,29982398,0.0,0.0,0.0,0.0
16420540,0.0,0.0,0.0,0.0,272803653,0.0,0.000597014925373,0.0,0.000199004975124
18041387,0.0,0.0,0.0,0.0,93690016,0.0,0.0,0.0,0.0
16273160,0.0,0.0,0.0,0.0,635215244,0.0,0.0,0.0,0.0
14717355,0.0003125,0.0,0.0,0.000104166666667,14072636,0.0,0.0003125,0.0,0.000104166666667
109867903,0.0,0.0,0.0,0.0,27282684,0.0,0.0,0.0,0.0
14256866,0.0,0.0,0.0,0.0,19331262,0.0,0.0,0.0,0.0
510,0.0,0.0,0.0,0.0,1260798302,0.0,0.0,0.0,0.0
15257173,0.0,0.0,0.0,0.0,447409292,0.0,0.0,0.0,0.0
8533942,0.0,0.0,0.0,0.0,14633149,0.0,0.0003125,0.0003125,0.000208333333333
11280302,0.0,0.0,0.0,0.0,34372808,0.0,0.0003125,0.0003125,0.000208333333333
15173685,0.0,0.0003125,0.0,0.000104166666667,18737808,0.0003125,0.0003125,0.000625,0.000416666666667
6629472,0.0,0.0009375,0.0,0.0003125,23274394,0.0,0.000956022944551,0.00031867431485,0.000424899086467
16443456,0.0,0.0,0.0,0.0,35381456,0.0,0.0,0.0,0.0
14956918,0.0,0.0,0.0,0.0,14705366,0.000361532899494,0.000723065798988,0.0,0.000361532899494
16857259,0.0,0.0003125,0.0003125,0.000208333333333,22972067,0.0,0.0,0.0003125,0.000104166666667
110232589,0.000314564328405,0.0,0.000314564328405,0.00020970955227,271129311,0.0,0.0,0.0,0.0
15909303,0.0,0.0,0.0,0.0,19697742,0.0,0.0,0.0,0.0
15270815,0.00031525851198,0.0,0.00031525851198,0.00021017234132,15582106,0.0,0.0009375,0.000625,0.000520833333333
111000574,0.0,0.0,0.0,0.0,37666348,0.0,0.0,0.0,0.0
7390492,0.0003125,0.00125,0.0003125,0.000625,15877493,0.0,0.0003125,0.0,0.000104166666667
16313693,0.0,0.0,0.0,0.0,192942068,0.0,0.0003125,0.0,0.000104166666667
14540304,0.0,0.0,0.0,0.0,88755504,0.0,0.0,0.0,0.0
14811396,0.0,0.0,0.0,0.0,18002882,0.0,0.0,0.0,0.0
110789357,0.0,0.0,0.0,0.0,18360653,0.0,0.0,0.0,0.0
15711042,0.0,0.0,0.0,0.0,222321536,0.0,0.0,0.0,0.0
104817124,0.0,0.0,0.0,0.0,32292526,0.0,0.0,0.0,0.0
17430381,0.0,0.000357525920629,0.000715051841258,0.000357525920629,29537061,0.0,0.0,0.0,0.0
17004629,0.0,0.0,0.0,0.0,94865178,0.0,0.0,0.0,0.0
14502915,0.0,0.0,0.0,0.0,246033158,0.0003125,0.0003125,0.0003125,0.0003125
14181245,0.000352858151023,0.000352858151023,0.0,0.000235238767349,52741745,0.0,0.0,0.0,0.0
14252191,0.0,0.0,0.0,0.0,11081432,0.0003125,0.0,0.0,0.000104166666667
111055374,0.0,0.000625978090767,0.0,0.000208659363589,346856399,0.0,0.0003125,0.0,0.000104166666667
16485356,0.0,0.0003125,0.0003125,0.000208333333333,16478944,0.0,0.0,0.0,0.0
15509645,0.0,0.0,0.0,0.0,323863410,0.0,0.0003125,0.0,0.000104166666667
14048947,0.0,0.000320307495195,0.0,0.000106769165065,395050652,0.0,0.0,0.0,0.0
1084512252,0.0,0.0,0.0,0.0,396215771,0.0,0.0,0.0,0.0
14967472,0.0,0.0,0.0,0.0,134943563,0.0,0.0003125,0.0,0.000104166666667
15356693,0.0,0.0,0.000376222723853,0.000125407574618,21790277,0.0,0.0,0.0,0.0
799398,0.0003125,0.0003125,0.0,0.000208333333333,21209693,0.0,0.0,0.0,0.0
15735228,0.0,0.000368052999632,0.000368052999632,0.000245368666421,58782731,0.0,0.0003125,0.0003125,0.000208333333333
10579152,0.0003125,0.0003125,0.0,0.000208333333333,19614444,0.0,0.0,0.0,0.0
1010353602,0.0,0.0,0.0,0.0,1931060143,0.000696136442743,0.0,0.000348068221371,0.000348068221371
9931932,0.0,0.0,0.0,0.0,15374280,0.0,0.0,0.0,0.0
101285918,0.0,0.0,0.0,0.0,88933899,0.0,0.0,0.0,0.0
16019730,0.0,0.0,0.0,0.0,180016082,0.0,0.0,0.0,0.0
9499392,0.0,0.0,0.0,0.0,47455784,0.0,0.0,0.0,0.0
8547662,0.0,0.0,0.0,0.0,20735133,0.0,0.0,0.0,0.0
10636492,0.0,0.0003125,0.0003125,0.000208333333333,25939719,0.0,0.0003125,0.0,0.000104166666667
14326853,0.0,0.0,0.0,0.0,123134626,0.0,0.0,0.0,0.0
14591654,0.0,0.0,0.0,0.0,54801775,0.0,0.0,0.0,0.0
17620569,0.0,0.0,0.0,0.0,17471010,0.0,0.0003125,0.0,0.000104166666667
10346502,0.0,0.0,0.0,0.0,1058668250,0.0,0.0,0.0,0.0
14999122,0.0003125,0.0,0.0,0.000104166666667,29367016,0.0,0.0,0.0,0.0
15853749,0.0,0.0009375,0.000625,0.000520833333333,42081388,0.0,0.0003125,0.0,0.000104166666667
16192708,0.0,0.0,0.0,0.0,33381787,0.0,0.0,0.0,0.0
14103077,0.0,0.0003125,0.0,0.000104166666667,25520028,0.0,0.0,0.0,0.0
12284322,0.0,0.0,0.0,0.0,19664563,0.0,0.0,0.0,0.0
1000642412,0.0,0.0,0.0,0.0,237055108,0.0,0.0,0.0,0.0
15516930,0.0,0.0,0.0,0.0,103050967,0.0,0.0,0.0,0.0
12200462,0.0,0.0,0.0,0.0,129907492,0.0,0.0,0.0,0.0
15208149,0.0,0.0,0.0,0.0,25177402,0.0,0.0,0.0,0.0
15999367,0.0,0.000314960629921,0.0,0.00010498687664,132626871,0.0,0.0,0.0,0.0
16470149,0.0,0.0,0.0,0.0,26870988,0.0,0.0,0.0,0.0
7738932,0.0,0.000312989045383,0.0,0.000104329681794,14788694,0.0,0.000625,0.0,0.000208333333333
14299205,0.0,0.0,0.0,0.0,47012526,0.0,0.0,0.000477326968974,0.000159108989658
100822207,0.00040338846309,0.00040338846309,0.00040338846309,0.00040338846309,504483113,0.0,0.0,0.0,0.0
14335777,0.0,0.0,0.0,0.0,54073621,0.0,0.0,0.0,0.0
9507682,0.0,0.0003125,0.0,0.000104166666667,14172814,0.0,0.0,0.0,0.0
16130273,0.0,0.0,0.0,0.0,44927526,0.0,0.0,0.0,0.0
14515774,0.0,0.0,0.0,0.0,704295979,0.0,0.0,0.0,0.0
15827060,0.0,0.0,0.0,0.0,257581957,0.000312891113892,0.0,0.0,0.000104297037964
14904260,0.0,0.0,0.0,0.0,1014275066,0.0,0.0,0.0,0.0
4832471,0.0,0.0,0.0,0.0,15480291,0.0,0.0,0.000625,0.000208333333333
107834740,0.0,0.000315357931252,0.0,0.000105119310417,76579210,0.00031318509239,0.0,0.0,0.000104395030797
15607654,0.0,0.0,0.0,0.0,1110551,0.0,0.0,0.0,0.0
15104103,0.0,0.0,0.0,0.0,16084628,0.0,0.0003125,0.000625,0.0003125
7215422,0.000385653682993,0.000385653682993,0.000385653682993,0.000385653682993,45576913,0.0,0.0,0.0,0.0
15458653,0.0,0.0,0.0003125,0.000104166666667,521873864,0.0,0.0,0.0,0.0
104871142,0.0,0.000312597686777,0.0,0.000104199228926,145650409,0.0,0.0,0.0,0.0
11136262,0.0,0.0,0.0,0.0,10085312,0.0,0.0,0.0,0.0
105406757,0.0,0.0,0.0,0.0,64559204,0.0,0.0003125,0.0003125,0.000208333333333
16080857,0.0,0.0,0.0,0.0,140149262,0.0,0.0,0.0,0.0
14176709,0.0,0.0,0.0,0.0,457880582,0.0,0.0,0.0,0.0
111192648,0.0,0.000625,0.0,0.000208333333333,27968064,0.0,0.0,0.000314465408805,0.000104821802935
102841479,0.0,0.0,0.0,0.0,67218523,0.0,0.0,0.0,0.0
11347952,0.0,0.0,0.0,0.0,70441653,0.0,0.0003125,0.0,0.000104166666667
17967128,0.0,0.000625,0.0,0.000208333333333,35121737,0.0,0.0,0.0,0.0
14295018,0.0,0.0,0.0,0.0,76454243,0.0,0.0,0.0,0.0
1652821,0.0,0.0003125,0.0003125,0.000208333333333,19062992,0.0,0.0,0.0,0.0
15571023,0.000807754442649,0.0,0.000807754442649,0.000538502961766,24023611,0.0,0.0,0.0,0.0
15924963,0.0,0.0003125,0.0,0.000104166666667,29521395,0.0,0.0,0.0,0.0
14304576,0.0,0.0,0.0,0.0,18130326,0.0,0.000625,0.0003125,0.0003125
14205967,0.0,0.0,0.0,0.0,5545852,0.0,0.0,0.0,0.0
1038045582,0.0,0.000571102227299,0.0,0.0001903674091,2223881250,0.0003125,0.0003125,0.0,0.000208333333333
107442736,0.0,0.0,0.0,0.0,58321162,0.0,0.0,0.0,0.0
14691920,0.0,0.0003125,0.0,0.000104166666667,9557242,0.0003125,0.0003125,0.0,0.000208333333333
15868626,0.0003125,0.0,0.0,0.000104166666667,19238116,0.0,0.0,0.0,0.0
15203574,0.0,0.0003125,0.0,0.000104166666667,211926057,0.0,0.0,0.0,0.0
1652151,0.0,0.0,0.0,0.0,202744187,0.0,0.0,0.0,0.0
15517863,0.0,0.0,0.0,0.0,752673,0.0,0.0,0.0,0.0
1571,0.0,0.000312891113892,0.000312891113892,0.000208594075928,42600336,0.0,0.000543183052689,0.0,0.000181061017563
14943825,0.0,0.0,0.0,0.0,852030258,0.0,0.0,0.0,0.0
1043656675,0.0,0.0,0.0,0.0,581845505,0.0,0.0,0.0,0.0
14780733,0.0,0.0,0.0,0.0,1282115570,0.0,0.0,0.0,0.0
14954823,0.0,0.0,0.0,0.0,132182586,0.0,0.0,0.0010152284264,0.000338409475467
13689392,0.0003125,0.0009375,0.0009375,0.000729166666667,19406716,0.0,0.0,0.0,0.0
104910952,0.0,0.0,0.0,0.0,41429357,0.0,0.0,0.0,0.0
14104599,0.0,0.0003125,0.0003125,0.000208333333333,7651482,0.0,0.0,0.0,0.0
18057462,0.0003125,0.0003125,0.000625,0.000416666666667,44155971,0.0,0.0,0.0,0.0
8044342,0.0,0.0,0.0,0.0,25964901,0.0,0.0,0.0,0.0
16595069,0.0,0.0,0.0,0.0,18128725,0.0,0.0,0.0,0.0
14073665,0.0,0.0,0.0,0.0,56244120,0.0,0.0,0.0,0.0
12321552,0.0,0.000625,0.0,0.000208333333333,17026058,0.0003125,0.0003125,0.0,0.000208333333333
17408788,0.0,0.0,0.0,0.0,27000563,0.0,0.0,0.0,0.0
2425831,0.0,0.0,0.0,0.0,14594827,0.0,0.000464468183929,0.0,0.000154822727976
831481,0.0,0.0,0.0,0.0,97464155,0.0,0.0,0.0,0.0
6767112,0.0,0.0,0.0,0.0,736003,0.0,0.0003125,0.0003125,0.000208333333333
810513,0.0,0.0,0.0,0.0,7465982,0.0,0.000626762770291,0.000313381385146,0.000313381385146
4195611,0.0,0.0,0.0,0.0,379542112,0.0,0.0,0.0,0.0
15341746,0.0003125,0.0003125,0.000625,0.000416666666667,28604930,0.0,0.0,0.0,0.0
16752554,0.0,0.0,0.0,0.0,61320742,0.0,0.0,0.0,0.0
15732063,0.0,0.000314070351759,0.000314070351759,0.000209380234506,31248118,0.0,0.0,0.0,0.0
12024182,0.0,0.0,0.0,0.0,38663926,0.0,0.0,0.0,0.0
12098232,0.0,0.0,0.0,0.0,723290208,0.0,0.0,0.0,0.0
102183498,0.0,0.0,0.0,0.0,338070341,0.0,0.0,0.0,0.0
15125897,0.0,0.0003125,0.0,0.000104166666667,33359979,0.0,0.0,0.0,0.0
13234182,0.00036443148688,0.0,0.0,0.000121477162293,14562921,0.0003125,0.0003125,0.0,0.000208333333333
15488302,0.0,0.0,0.0,0.0,16408364,0.0,0.000314070351759,0.0,0.000104690117253
14122207,0.000625,0.0009375,0.000625,0.000729166666667,26253666,0.0,0.0003125,0.0003125,0.000208333333333
15941771,0.000313577924114,0.000313577924114,0.0,0.000209051949409,412407180,0.0,0.0,0.0,0.0
14935045,0.0,0.0,0.0,0.0,42797992,0.0,0.0,0.0,0.0
14751413,0.0,0.0,0.0,0.0,461501969,0.0,0.0,0.0,0.0
8182152,0.0003125,0.0,0.0003125,0.000208333333333,20881115,0.0,0.0,0.0,0.0
27603,0.0,0.0,0.0,0.0,14851844,0.0,0.0003125,0.0,0.000104166666667
14985041,0.0,0.0003125,0.0,0.000104166666667,7894792,0.0,0.00101798439091,0.000339328130302,0.000452437507071
15032398,0.0,0.0,0.0,0.0,437852103,0.0,0.000480307396734,0.0,0.000160102465578
14202465,0.0,0.000312891113892,0.0,0.000104297037964,223935042,0.0,0.0,0.0,0.0
16636586,0.0,0.0,0.0,0.0,2166715129,0.0,0.0,0.0,0.0
13925332,0.0,0.000431778929188,0.000431778929188,0.000287852619459,15865532,0.0,0.000312989045383,0.0,0.000104329681794
14066239,0.0,0.0,0.0,0.0,153187498,0.0,0.0,0.0,0.0
108595832,0.0,0.0,0.0,0.0,121526357,0.0,0.0,0.0,0.0
109431444,0.0,0.0,0.0,0.0,519686398,0.0,0.0,0.0,0.0
15572314,0.0,0.0,0.0,0.0,15412249,0.0,0.0,0.0,0.0
16144515,0.0,0.0,0.0,0.0,217656715,0.0,0.0,0.0,0.0
14961485,0.0,0.0,0.0,0.0,10048402,0.0,0.0,0.0,0.0
2483,0.0,0.0,0.0,0.0,25023710,0.0,0.0,0.0,0.0
15670127,0.0,0.0,0.0,0.0,19351302,0.0,0.0,0.0,0.0
14113905,0.0,0.0,0.0,0.0,164749976,0.0,0.0,0.0,0.0
16032708,0.0,0.0,0.0,0.0,249027111,0.0,0.0,0.0,0.0
7671562,0.0,0.000625,0.0003125,0.0003125,9300372,0.0,0.0,0.0,0.0
15828831,0.0,0.0,0.0,0.0,316077257,0.0,0.0,0.0,0.0
17995732,0.0,0.0003125,0.0003125,0.000208333333333,11894502,0.0,0.000625,0.0003125,0.0003125
16520724,0.0,0.0003125,0.0003125,0.000208333333333,14613821,0.0,0.0003125,0.000625,0.0003125
11842742,0.0,0.0,0.0,0.0,83624443,0.0,0.000625,0.0,0.000208333333333
1094522048,0.0,0.0,0.0,0.0,550673663,0.0,0.0,0.0,0.0
16583999,0.0,0.0,0.0,0.0,11784102,0.0,0.0,0.0,0.0
14725113,0.0,0.0,0.0,0.0,482693143,0.0,0.0,0.0,0.0
10033292,0.0,0.0,0.0,0.0,14629640,0.0,0.0,0.0,0.0
14930017,0.0,0.0,0.0,0.0,2329161234,0.0,0.0,0.0,0.0
15570425,0.000317158261973,0.000317158261973,0.0,0.000211438841315,341282572,0.000317965023847,0.0,0.000317965023847,0.000211976682565
717963,0.0,0.0,0.0,0.0,28980478,0.0,0.0,0.0,0.0
739123,0.0,0.0,0.0,0.0,14068834,0.0,0.0,0.0,0.0
15416255,0.0,0.0,0.0,0.0,44171091,0.0,0.0,0.0,0.0
10688472,0.000312891113892,0.000938673341677,0.0,0.000417188151856,17473799,0.0,0.0,0.0,0.0
15496950,0.00134770889488,0.0,0.0,0.000449236298293,5752712,0.0003125,0.0,0.0,0.000104166666667
104358354,0.0,0.0,0.0,0.0,78727322,0.0,0.0,0.0,0.0
16064109,0.0,0.0003125,0.0,0.000104166666667,377704774,0.0,0.0,0.0,0.0
6284612,0.0,0.0,0.0,0.0,276152937,0.0,0.0,0.0,0.0
14134316,0.0,0.0,0.0,0.0,6669852,0.0,0.0,0.0,0.0
14518875,0.0,0.0,0.0,0.0,294467126,0.0,0.0,0.0,0.0
16534400,0.0,0.0,0.0,0.0,541431791,0.0,0.0,0.0,0.0
15582950,0.0,0.0,0.0,0.0,58631618,0.0,0.0,0.0,0.0
17634032,0.0,0.0,0.0,0.0,767860135,0.0,0.0,0.0,0.0
14779153,0.0,0.0,0.0,0.0,143912376,0.0,0.0,0.0,0.0
15373649,0.000625,0.000625,0.0009375,0.000729166666667,29860419,0.0,0.0,0.0,0.0
657143,0.0,0.0,0.0,0.0,115131419,0.0,0.0,0.0,0.0
15743613,0.0,0.0,0.0,0.0,30909461,0.0,0.000335457900034,0.0,0.000111819300011
16905977,0.0,0.0,0.0,0.0,15999128,0.0,0.0,0.0,0.0
8723262,0.0,0.0,0.0,0.0,14703441,0.0,0.0,0.0,0.0
8890312,0.0,0.0,0.0,0.0,9598632,0.0,0.0,0.0,0.0
6951722,0.0,0.000625,0.0,0.000208333333333,37615093,0.0,0.000771604938272,0.0,0.000257201646091
108339923,0.0003125,0.0009375,0.0003125,0.000520833333333,11644152,0.000625,0.0009375,0.0009375,0.000833333333333
16332556,0.0,0.0,0.0,0.0,21819440,0.0,0.0,0.0,0.0
14239873,0.0,0.00125,0.000625,0.000625,24850099,0.0,0.000952834683182,0.000476417341591,0.000476417341591
15591044,0.0,0.0,0.0,0.0,9481382,0.0,0.0,0.0,0.0
14347872,0.0,0.0,0.0,0.0,776620351,0.0,0.0,0.0,0.0
17740183,0.0,0.0,0.0,0.0,17218128,0.0,0.0,0.0,0.0
1075287318,0.0,0.0,0.0,0.0,17243161,0.0,0.0003125,0.0,0.000104166666667
14270283,0.0,0.0003125,0.0,0.000104166666667,14259030,0.0,0.0003125,0.0,0.000104166666667
14470452,0.0,0.0003125,0.0,0.000104166666667,482463,0.0,0.000520020800832,0.0,0.000173340266944
100483475,0.0,0.0,0.0,0.0,1154367438,0.0,0.0,0.0,0.0
110728497,0.0,0.0,0.0,0.0,233737958,0.0,0.0,0.0,0.0
1391781,0.0,0.000625390869293,0.0,0.000208463623098,30114153,0.0,0.000388349514563,0.0,0.000129449838188
14629003,0.0,0.0,0.0,0.0,75478762,0.0,0.0,0.0,0.0
14344228,0.0,0.0,0.0,0.0,398799954,0.0,0.0,0.0,0.0
14141735,0.0,0.0,0.0,0.0,28270304,0.0,0.0,0.0,0.0
17545311,0.0,0.0,0.0,0.0,18050777,0.0,0.0,0.0,0.0
111790090,0.0,0.0,0.0,0.0,130902468,0.0,0.0,0.0,0.0
14607160,0.0,0.0,0.0,0.0,19920298,0.0,0.0,0.0,0.0
14050633,0.0,0.0,0.0,0.0,39194496,0.000437062937063,0.0,0.0,0.000145687645688
16741035,0.0,0.0003125,0.0,0.000104166666667,14452147,0.0,0.0,0.0,0.0
14720131,0.0,0.0003125,0.0,0.000104166666667,43246549,0.0,0.0,0.0,0.0
15138640,0.0003125,0.0009375,0.0009375,0.000729166666667,27325506,0.0,0.0,0.0,0.0
14398158,0.0,0.000479156684236,0.0,0.000159718894745,171931221,0.0,0.0,0.0,0.0
12498292,0.0,0.00125,0.0,0.000416666666667,22303836,0.0,0.0,0.0,0.0
13069762,0.0,0.0,0.0,0.0,216298748,0.0,0.0,0.0,0.0
14252980,0.0,0.0003125,0.0003125,0.000208333333333,19359256,0.0,0.0,0.0,0.0
9842982,0.0,0.0,0.0,0.0,15890620,0.0,0.0,0.0,0.0
104350423,0.0,0.000347101700798,0.0,0.000115700566933,69054088,0.0,0.0,0.0,0.0
17086597,0.0,0.0,0.0,0.0,20024175,0.0,0.0,0.0,0.0
16831728,0.0,0.0,0.0,0.0,14110311,0.0,0.0,0.0,0.0
15878419,0.0,0.000625782227785,0.0,0.000208594075928,280044976,0.0,0.0,0.0,0.0
14366046,0.0,0.0,0.0,0.0,164864435,0.0,0.0,0.0,0.0
14433472,0.0,0.000625,0.0,0.000208333333333,12086482,0.0,0.0,0.0,0.0
108937630,0.0,0.0,0.0,0.0,15651202,0.0,0.0,0.0,0.0
13265672,0.0,0.0,0.0,0.0,46423485,0.0,0.0,0.0,0.0
1010471,0.0,0.0009375,0.0,0.0003125,14469958,0.0,0.0,0.0,0.0
12291452,0.0,0.000625,0.0003125,0.0003125,3833701,0.0,0.0,0.0,0.0
4451831,0.0003125,0.0003125,0.0003125,0.0003125,55561742,0.0,0.0,0.0,0.0
14166313,0.0,0.0,0.0,0.0,28617426,0.0,0.0003125,0.0,0.000104166666667
101075963,0.0,0.000625586487332,0.000938379730998,0.000521322072777,23519691,0.0,0.000385802469136,0.000385802469136,0.000257201646091
15419452,0.0,0.0,0.0,0.0,813402,0.0,0.0003125,0.0003125,0.000208333333333
14693999,0.0,0.0,0.0,0.0,15659217,0.0,0.0,0.0,0.0
14199320,0.0,0.0,0.0,0.0,22954198,0.0,0.0,0.0003125,0.000104166666667
10904282,0.0,0.0,0.0,0.0,309886768,0.0,0.0,0.0,0.0
13485232,0.0,0.0,0.0,0.0,14152849,0.0,0.0,0.0,0.0
3540111,0.0003125,0.000625,0.0,0.0003125,19200480,0.0,0.0,0.0,0.0
10872992,0.0,0.0,0.0,0.0,77110735,0.0,0.000550660792952,0.0,0.000183553597651
16442052,0.0003125,0.0009375,0.0003125,0.000520833333333,127159409,0.0,0.0,0.0,0.0
17888828,0.0,0.0,0.0,0.0,98194437,0.0,0.0,0.0,0.0
7836472,0.0,0.0,0.0003125,0.000104166666667,45891091,0.0,0.0,0.0,0.0
16183684,0.000911577028259,0.000455788514129,0.0,0.000455788514129,16263710,0.0,0.0,0.0,0.0
13636482,0.0,0.0,0.0,0.0,243862001,0.0,0.0,0.0,0.0
14269934,0.0,0.0,0.0,0.0,20880217,0.0,0.0,0.0,0.0
15310942,0.0,0.0,0.0,0.0,48244764,0.0,0.000777604976672,0.0,0.000259201658891
9821642,0.0,0.0,0.0,0.0,774857,0.0,0.000313381385146,0.0,0.000104460461715
110585587,0.0,0.0,0.0,0.0,159538663,0.0,0.0,0.0,0.0
16264163,0.0,0.0,0.0,0.0,60149953,0.0,0.0,0.0,0.0
14250304,0.0,0.000314169022934,0.0,0.000104723007645,185480416,0.0,0.0,0.0,0.0
16098532,0.0,0.0009375,0.0003125,0.000416666666667,208581785,0.0,0.0,0.0,0.0
15394801,0.0,0.0,0.0,0.0,33347489,0.0,0.0,0.000319182891797,0.000106394297266
16030885,0.000344708721131,0.0,0.0,0.000114902907044,14951645,0.0,0.0,0.0,0.0
13829462,0.0,0.0003125,0.0,0.000104166666667,1655782836,0.0,0.0,0.0,0.0
14583843,0.0,0.0,0.0,0.0,46522184,0.0,0.0,0.0,0.0
17368847,0.0,0.0,0.0,0.0,266283047,0.0,0.0,0.0,0.0
16176755,0.0,0.0,0.0,0.0,351317319,0.0,0.0,0.0,0.0
741293,0.0,0.0,0.0,0.0,15929542,0.000465549348231,0.0,0.0,0.000155183116077
16816975,0.000333222259247,0.000333222259247,0.000333222259247,0.000333222259247,24048702,0.0,0.0,0.0,0.0
2065311,0.0,0.000341763499658,0.0,0.000113921166553,11281062,0.0,0.0,0.0,0.0
14781818,0.0,0.0,0.0,0.0,21672825,0.0003125,0.0003125,0.0,0.000208333333333
1023298544,0.0,0.0,0.0,0.0,411178171,0.0,0.0,0.0,0.0
14268794,0.0,0.00044662795891,0.0,0.000148875986303,1862836459,0.0,0.0,0.0,0.0
15974415,0.0,0.0,0.0,0.0,562240550,0.0,0.0,0.0,0.0
12541692,0.0,0.000312793243666,0.0,0.000104264414555,755751,0.0,0.0003125,0.0003125,0.000208333333333
11747,0.0,0.000924214417745,0.0,0.000308071472582,23242128,0.0,0.0,0.0003125,0.000104166666667
756481,0.0,0.0,0.0,0.0,14280395,0.0,0.000625,0.0003125,0.0003125
1013587694,0.0,0.0,0.0,0.0,484490520,0.0,0.000369412633912,0.0,0.000123137544637
15142717,0.0,0.0,0.0,0.0,15906836,0.000342231348392,0.00136892539357,0.000342231348392,0.000684462696785
108512819,0.0,0.0003125,0.0,0.000104166666667,505229574,0.0,0.0,0.0,0.0
6662252,0.000357142857143,0.000357142857143,0.0,0.000238095238095,166295538,0.0,0.0003125,0.0,0.000104166666667
14249447,0.0,0.0,0.0,0.0,764229414,0.0,0.0,0.0,0.0
1010139914,0.0,0.0,0.0,0.0,332879637,0.0,0.0,0.0,0.0
15926207,0.0,0.0,0.0,0.0,138120871,0.0,0.0,0.0,0.0
16162733,0.0,0.0,0.0,0.0,110562230,0.0,0.0,0.0,0.0
15385909,0.0,0.0,0.0,0.0,86955448,0.0,0.000788643533123,0.0,0.000262881177708
6973972,0.0,0.0,0.0,0.0,19340002,0.0,0.0,0.0,0.0
15915645,0.000313577924114,0.000940733772342,0.000313577924114,0.000522629873523,257788030,0.0,0.0,0.0,0.0
13926822,0.0,0.0,0.0,0.0,71385061,0.0,0.0003125,0.0,0.000104166666667
10428272,0.0,0.0,0.0003125,0.000104166666667,14997340,0.0,0.0,0.0,0.0
14455069,0.0,0.0,0.0,0.0,249211761,0.0,0.0,0.0,0.0
11359042,0.0,0.00125,0.0009375,0.000729166666667,26448372,0.0,0.000315357931252,0.000630715862504,0.000315357931252
16229518,0.0,0.0,0.0,0.0,52167439,0.0,0.000361663652803,0.0,0.000120554550934
15494172,0.0,0.0003125,0.0,0.000104166666667,315570891,0.0,0.0,0.0,0.0
15929157,0.0,0.0,0.0,0.0,3712001,0.0,0.0,0.0,0.0
10421552,0.0,0.0,0.0,0.0,20557363,0.0,0.0003125,0.0,0.000104166666667
14426223,0.0,0.0,0.0,0.0,21274931,0.0,0.0,0.0,0.0
16047802,0.00036496350365,0.00036496350365,0.0,0.000243309002433,16419838,0.000312695434647,0.00125078173859,0.0,0.000521159057746
14777726,0.0,0.0,0.0,0.0,7119502,0.0,0.0,0.0,0.0
14523403,0.0,0.0,0.0,0.0,79870762,0.0,0.0,0.0003125,0.000104166666667
16422386,0.0,0.0,0.0,0.0,396995592,0.0,0.0,0.0,0.0
14122158,0.0,0.0,0.0,0.0,22594471,0.0,0.0,0.000314267756128,0.000104755918709
102504689,0.0,0.0,0.0,0.0,44704747,0.0,0.0,0.0,0.0
13331702,0.0003125,0.0003125,0.0,0.000208333333333,39657346,0.0,0.0,0.0,0.0
14221460,0.0,0.0,0.0,0.0,37814831,0.0,0.0,0.0,0.0
9716202,0.0,0.0,0.0,0.0,14533379,0.0,0.0,0.0,0.0
15128768,0.0,0.0,0.0,0.0,19202036,0.0,0.0,0.0,0.0
15096762,0.0,0.0003125,0.0003125,0.000208333333333,14534944,0.0,0.0003125,0.0,0.000104166666667
16954156,0.0,0.0,0.0,0.0,16954732,0.0,0.0,0.0,0.0
16171108,0.0,0.0,0.0,0.0,383077683,0.0,0.0,0.0,0.0
16621991,0.0,0.0,0.0,0.0,26602093,0.0,0.0,0.0,0.0
1103804005,0.0,0.0,0.0,0.0,21433709,0.0003125,0.0,0.0003125,0.000208333333333
4069901,0.0,0.0,0.0,0.0,14640281,0.0,0.0003125,0.0,0.000104166666667
15093157,0.0,0.0,0.0,0.0,16957566,0.0,0.0,0.0,0.0
15664345,0.0,0.0,0.0,0.0,7022312,0.0,0.00100654252642,0.0,0.000335514175473
8822482,0.0,0.0,0.0,0.0,643563,0.000320718409237,0.000320718409237,0.000320718409237,0.000320718409237
14837023,0.0,0.0,0.0,0.0,267910614,0.0,0.0,0.0,0.0
17202259,0.0,0.0,0.0,0.0,313070406,0.0,0.0,0.0,0.0
16129286,0.0,0.0,0.0,0.0,220900159,0.000321646831779,0.000964940495336,0.000643293663557,0.000643293663557
12138742,0.0,0.0,0.0,0.0,16354575,0.0,0.0,0.0,0.0
15873870,0.0,0.0003125,0.0,0.000104166666667,73520317,0.0,0.0,0.0,0.0
15735588,0.0,0.0,0.0,0.0,1129716037,0.0,0.0,0.0,0.0
1118331097,0.0,0.0,0.0,0.0,20367774,0.0,0.000625,0.0,0.000208333333333
800149,0.0,0.0,0.0,0.0,103709316,0.0,0.0,0.0,0.0
15447527,0.0,0.0,0.0,0.0,563325403,0.0,0.0,0.0,0.0
10648892,0.0,0.0,0.0,0.0,631430901,0.0,0.0,0.0,0.0
14861973,0.0,0.0,0.0,0.0,168787580,0.0,0.0,0.0,0.0
15728321,0.0,0.0,0.0,0.0,19459758,0.000312793243666,0.000625586487332,0.0,0.000312793243666
14230190,0.0,0.0,0.0,0.0,69647408,0.0,0.0,0.0,0.0
17142292,0.0,0.0,0.0,0.0,14604449,0.0,0.0003125,0.0,0.000104166666667
15994744,0.0,0.0,0.0,0.0,506835966,0.0,0.0,0.0,0.0
108040993,0.0,0.0,0.000313676286073,0.000104558762024,471391317,0.0,0.0,0.0,0.0
5603482,0.0,0.0,0.0,0.0,504909728,0.0,0.0,0.0,0.0
14187293,0.0,0.0,0.0,0.0,25956832,0.0003125,0.000625,0.0,0.0003125
16788994,0.000324886289799,0.000324886289799,0.0,0.000216590859866,28901124,0.0,0.0,0.0,0.0
6208682,0.0,0.0,0.0,0.0,16696986,0.0,0.0,0.0,0.0
16381494,0.0,0.0,0.0,0.0,165071554,0.0003125,0.0,0.0,0.000104166666667
16153346,0.0,0.0,0.0,0.0,12908952,0.0,0.0,0.0,0.0
6301542,0.0,0.0,0.0,0.0,19264584,0.0,0.0,0.0,0.0
15707227,0.0,0.0,0.0,0.0,15737918,0.0,0.0026075619296,0.000434593654933,0.00101405186151
15357559,0.0,0.0,0.0,0.0,37676819,0.0003125,0.0003125,0.0,0.000208333333333
16122440,0.0,0.0,0.0,0.0,47830616,0.0,0.0,0.0,0.0
1019438790,0.0,0.0,0.0,0.0,140907288,0.0,0.0,0.0,0.0
1061130282,0.0,0.0,0.0,0.0,241141897,0.0,0.0,0.0,0.0
16101156,0.0,0.0,0.0,0.0,24631530,0.0,0.0,0.0,0.0
15673048,0.0003125,0.0,0.000625,0.0003125,21571305,0.0,0.0,0.000319284802043,0.000106428267348
14056243,0.0,0.0003125,0.0,0.000104166666667,58540875,0.0,0.0,0.0,0.0
15034894,0.0003125,0.0,0.0,0.000104166666667,216447538,0.0,0.0,0.0,0.0
14520713,0.0,0.0,0.0,0.0,14513851,0.0,0.00067521944632,0.0,0.000225073148773
15222470,0.0,0.0,0.0,0.0,15266619,0.0,0.0,0.0,0.0
15261203,0.0,0.0,0.0,0.0,26282919,0.0,0.000755572346052,0.0,0.000251857448684
10104672,0.0,0.0,0.0,0.0,369735281,0.0,0.0,0.0,0.0
14227822,0.0,0.0,0.0003125,0.000104166666667,151920300,0.0,0.000527148128624,0.0,0.000175716042875
12897512,0.0,0.0,0.0,0.0,3463061,0.0,0.0,0.0,0.0
6389702,0.0,0.0,0.0,0.0,27296416,0.0,0.0003125,0.0003125,0.000208333333333
14090513,0.0,0.0,0.0,0.0,9906812,0.000320204931156,0.000320204931156,0.000640409862312,0.000426939908208
1054156310,0.0,0.0,0.0,0.0,13361042,0.0,0.0,0.0,0.0
15214193,0.0,0.0,0.0,0.0,118194876,0.0,0.0,0.0,0.0
14164590,0.0003125,0.0,0.0003125,0.000208333333333,322229610,0.0,0.0,0.0003125,0.000104166666667
1113318505,0.0,0.0,0.0,0.0,460453110,0.0,0.0,0.0,0.0
14145880,0.0,0.0,0.0,0.0,9632752,0.0,0.000625,0.0,0.000208333333333
705883,0.0,0.0,0.0,0.0,237491876,0.0,0.0,0.0,0.0
1117564388,0.0,0.0,0.0,0.0,23588281,0.0,0.000693962526024,0.0,0.000231320842008
16803434,0.000429184549356,0.0,0.0,0.000143061516452,517045006,0.0003125,0.0,0.000625,0.0003125
14235636,0.0,0.000625,0.0,0.000208333333333,64812320,0.0,0.0,0.0,0.0
17744552,0.0,0.0,0.0,0.0,30197656,0.0,0.0003125,0.0,0.000104166666667
11369702,0.0,0.0,0.0,0.0,171222948,0.0003125,0.0003125,0.0,0.000208333333333
16481910,0.0,0.0,0.0,0.0,14832537,0.0,0.0,0.0,0.0
9343332,0.000391083300743,0.000391083300743,0.0,0.000260722200495,17460054,0.0,0.00093896713615,0.0,0.000312989045383
109913502,0.0,0.0,0.0,0.0,780559008,0.0,0.0,0.0,0.0
1112977338,0.0,0.0,0.0,0.0,28726982,0.0,0.0,0.0,0.0
15504301,0.0,0.0,0.0003125,0.000104166666667,18171458,0.0,0.0,0.0,0.0
110478080,0.0,0.0,0.0,0.0,229151913,0.0,0.0,0.0,0.0
17995930,0.0,0.0,0.0,0.0,168755855,0.0,0.0,0.0,0.0
12569482,0.0003125,0.0003125,0.0,0.000208333333333,355538861,0.0,0.000625,0.000625,0.000416666666667
15058878,0.0,0.0,0.0,0.0,100013511,0.0,0.0,0.0,0.0
15398135,0.0,0.0,0.0,0.0,12085742,0.0,0.0,0.0,0.0
16675119,0.0,0.0,0.0,0.0,41665071,0.0,0.0,0.0,0.0
12190752,0.0,0.0,0.0,0.0,214329957,0.0,0.0,0.0,0.0
7035632,0.0,0.000397140587768,0.0,0.000132380195923,48198318,0.0,0.0,0.0,0.0
16345638,0.0,0.0,0.000394011032309,0.00013133701077,9023832,0.0,0.0,0.0,0.0
15753976,0.0,0.0009375,0.0003125,0.000416666666667,48710910,0.0,0.0,0.0,0.0
14908490,0.0,0.0,0.0,0.0,23885805,0.000625586487332,0.000312793243666,0.000312793243666,0.000417057658221
15414963,0.0,0.0,0.0,0.0,178023069,0.0,0.0,0.0,0.0
1085081065,0.0,0.0,0.0,0.0,66391624,0.0,0.0,0.0,0.0
5644562,0.0,0.0,0.0,0.0,25678003,0.0,0.0,0.0,0.0
7158782,0.0,0.0,0.0,0.0,39921231,0.0,0.0003125,0.0,0.000104166666667
14062697,0.0,0.0,0.0,0.0,299670333,0.0,0.0,0.0,0.0
14983161,0.0,0.0009375,0.0003125,0.000416666666667,31207749,0.0,0.0003125,0.0,0.000104166666667
11770342,0.0,0.0,0.0,0.0,31528465,0.0,0.0,0.0,0.0
14958828,0.0,0.0,0.0,0.0,15521058,0.0,0.0,0.0,0.0
6270192,0.0,0.0,0.0,0.0,24630958,0.0,0.0,0.0,0.0
17434675,0.0,0.0,0.0,0.0,535787611,0.0,0.0,0.0,0.0
15991349,0.0,0.0003125,0.0003125,0.000208333333333,22046083,0.0,0.0,0.0,0.0
812386,0.0,0.0,0.0003125,0.000104166666667,9108102,0.0003125,0.000625,0.0,0.0003125
14218243,0.0,0.0,0.0,0.0,6351142,0.0,0.000370233246946,0.0,0.000123411082315
15845626,0.0,0.0,0.0,0.0,16321813,0.0003125,0.0003125,0.0,0.000208333333333
15480369,0.0,0.0,0.0,0.0,466639823,0.0,0.0,0.0,0.0
16020751,0.0,0.0,0.0,0.0,35629711,0.0,0.0,0.000312695434647,0.000104231811549
108644617,0.0,0.0,0.0,0.0,932747977,0.0,0.0,0.0,0.0
15384970,0.000358680057389,0.0,0.0,0.00011956001913,68709875,0.0,0.0,0.0,0.0
15904651,0.0,0.0,0.0,0.0,973137678,0.0,0.0003125,0.0003125,0.000208333333333
16249110,0.0,0.0,0.0,0.0,213105703,0.0,0.0,0.0,0.0
10427362,0.0,0.000938673341677,0.0,0.000312891113892,14114599,0.0,0.0,0.0,0.0
1496191,0.0,0.0,0.0,0.0,14173926,0.0003125,0.000625,0.0003125,0.000416666666667
14926865,0.0,0.0003125,0.0003125,0.000208333333333,25609617,0.0,0.0,0.0,0.0
15650453,0.0003125,0.0003125,0.0,0.000208333333333,17580571,0.0,0.0,0.0,0.0
1010609864,0.0,0.0,0.0,0.0,16213633,0.0,0.0,0.0,0.0
14140548,0.0,0.0,0.0,0.0,23766889,0.000333444481494,0.000333444481494,0.0,0.000222296320996
1018819590,0.0,0.0,0.0,0.0,75106423,0.0,0.0,0.0,0.0
1268151,0.0,0.0003125,0.0,0.000104166666667,19088178,0.0,0.0,0.0,0.0
15446917,0.0,0.0,0.0,0.0,21103630,0.0,0.0003125,0.0,0.000104166666667
16334561,0.0,0.0,0.0,0.0,15614322,0.0,0.0,0.0,0.0
102574014,0.0,0.000319590923618,0.0,0.000106530307873,314305969,0.0,0.0,0.0,0.0
17131575,0.0,0.0,0.0,0.0,274820437,0.0,0.0,0.0,0.0
16446349,0.0,0.0,0.0,0.0,14111902,0.0,0.0,0.0,0.0
14895231,0.0,0.0,0.0,0.0,91026487,0.0,0.0,0.0,0.0
109543590,0.0,0.0,0.0,0.0,241331254,0.0,0.0,0.0,0.0
14794139,0.0,0.000449438202247,0.0,0.000149812734082,168257572,0.0,0.0,0.0,0.0
104396393,0.0,0.0,0.0,0.0,7197092,0.0,0.0,0.0,0.0
17497989,0.0,0.0,0.0,0.0,814249392,0.0,0.0,0.0,0.0
13496672,0.0,0.0,0.0,0.0,40393827,0.0,0.0,0.0,0.0
15451270,0.0,0.0,0.0,0.0,45612861,0.0,0.0,0.0,0.0
15023239,0.0,0.0,0.0,0.0,35023061,0.000315457413249,0.0,0.0,0.000105152471083
1018667071,0.0,0.0,0.0,0.0,389822059,0.0,0.0,0.0,0.0
14287736,0.0,0.0,0.0,0.0,48028762,0.0,0.0003125,0.0003125,0.000208333333333
14712975,0.0,0.0,0.0,0.0,241303112,0.0,0.0,0.0,0.0
1515831,0.0,0.0,0.0,0.0,14973235,0.00032711808963,0.000654236179261,0.00032711808963,0.00043615745284
14494499,0.0,0.0,0.0,0.0,81920858,0.0,0.0,0.0,0.0
14308905,0.0003125,0.0009375,0.0,0.000416666666667,19974133,0.0,0.0,0.0,0.0
14653147,0.000625,0.00125,0.0009375,0.0009375,21279850,0.0,0.0,0.0,0.0
15377135,0.0,0.0,0.0,0.0,31065327,0.0,0.0,0.0,0.0
1075648513,0.0,0.0,0.0,0.0,21720967,0.0,0.0,0.000313971742543,0.000104657247514
14777954,0.0,0.0,0.0,0.0,44293075,0.0,0.0,0.0,0.0
15688131,0.0,0.0003125,0.0,0.000104166666667,198276394,0.0,0.0,0.0003125,0.000104166666667
11068552,0.000316255534472,0.000632511068944,0.000632511068944,0.000527092557453,874952634,0.0,0.0,0.000437445319335,0.000145815106445
14449093,0.0,0.0009375,0.0003125,0.000416666666667,101152377,0.0,0.0003125,0.000625,0.0003125
1443131,0.0,0.0,0.0,0.0,21904537,0.0,0.0003125,0.0,0.000104166666667
15525144,0.0003125,0.0003125,0.0,0.000208333333333,21365141,0.0,0.0,0.0,0.0
14288066,0.0,0.0,0.0,0.0,70798741,0.0,0.000313577924114,0.0,0.000104525974705
821492,0.0,0.0,0.0,0.0,7235952,0.0,0.000313479623824,0.0,0.000104493207941
14230856,0.0,0.0,0.0,0.0,23006448,0.000312891113892,0.000312891113892,0.000312891113892,0.000312891113892
16739637,0.0,0.0,0.0,0.0,18481233,0.0,0.0,0.0,0.0
14595349,0.0,0.0,0.0,0.0,35837734,0.0,0.0,0.0,0.0
17904464,0.0,0.0,0.0,0.0,27304674,0.0,0.0,0.0,0.0
16091662,0.0,0.0,0.0,0.0,17076638,0.0,0.0,0.0,0.0
15855660,0.0003125,0.0003125,0.0,0.000208333333333,26413771,0.0,0.0,0.0,0.0
15677487,0.0003125,0.0,0.000625,0.0003125,25165418,0.0003125,0.0003125,0.0003125,0.0003125
16442331,0.0,0.000625,0.0003125,0.0003125,48232860,0.0,0.0,0.0,0.0
15717363,0.0,0.0,0.0,0.0,66820111,0.0003125,0.0003125,0.0,0.000208333333333
15485560,0.0,0.0,0.0,0.0,27320501,0.0,0.0,0.0,0.0
18092313,0.0,0.0,0.0,0.0,409596130,0.0,0.0,0.0,0.0
14053328,0.0,0.0,0.0,0.0,17907380,0.0,0.0,0.0,0.0
1087915261,0.000967741935484,0.000645161290323,0.000645161290323,0.000752688172043,2366163986,0.0,0.0,0.0,0.0
14198685,0.0,0.0003125,0.0,0.000104166666667,57532003,0.0,0.0,0.0,0.0
1196431,0.0,0.0,0.0,0.0,20776088,0.0,0.0,0.0,0.0
15068740,0.0,0.000630119722747,0.0,0.000210039907582,18233762,0.0,0.0,0.0,0.0
15566762,0.0,0.0,0.0,0.0,65820407,0.0,0.0,0.0,0.0
14926952,0.0,0.0,0.0,0.0,2635241,0.0,0.0,0.0,0.0
12335772,0.0,0.0,0.0,0.0,10984582,0.0,0.000312793243666,0.000312793243666,0.000208528829111
16791835,0.0,0.0,0.0,0.0,369801448,0.0,0.0,0.0,0.0
16153962,0.0,0.0,0.0,0.0,103725307,0.0,0.0,0.0,0.0
14056189,0.0,0.0003125,0.0,0.000104166666667,17610900,0.0,0.0,0.0,0.0
1051861368,0.0,0.0,0.0,0.0,167158290,0.0,0.0,0.0,0.0
16745524,0.0,0.0,0.0,0.0,225275226,0.0003125,0.0003125,0.0003125,0.0003125
2735681,0.0,0.000392156862745,0.0,0.000130718954248,7241202,0.0,0.000548245614035,0.0,0.000182748538012
16506112,0.0,0.0,0.0,0.0,182911422,0.0,0.0,0.0,0.0
12848732,0.0,0.0,0.0,0.0,475425919,0.0,0.0,0.0,0.0
107837065,0.0003125,0.0,0.000625,0.0003125,301752809,0.0,0.0,0.00048828125,0.000162760416667
106901177,0.0,0.0,0.0,0.0,737518826,0.0,0.0,0.0,0.0
109290761,0.0,0.0,0.0,0.0,17171013,0.0,0.0,0.0,0.0
10424,0.0,0.0,0.0,0.0,9978912,0.0003125,0.0,0.0,0.000104166666667
16172314,0.0003125,0.0003125,0.0003125,0.0003125,349069476,0.0,0.0,0.000315855969678,0.000105285323226
14189914,0.0,0.0,0.0,0.0,30504968,0.0,0.0,0.0,0.0
14109347,0.0,0.0,0.0,0.0,15212492,0.0,0.000562429696288,0.0,0.000187476565429
7210962,0.0,0.0,0.0,0.0,123357807,0.0,0.000343642611684,0.0,0.000114547537228
14053431,0.0,0.0,0.0,0.0,291977085,0.0,0.0,0.0,0.0
14299859,0.0,0.0,0.0003125,0.000104166666667,64740254,0.0,0.0,0.0,0.0
15134882,0.0,0.0,0.0,0.0,62070912,0.0,0.0,0.0,0.0
106552924,0.0,0.000312793243666,0.0,0.000104264414555,790582184,0.0,0.0,0.0,0.0
14331571,0.0,0.0,0.0,0.0,7094272,0.0,0.0,0.0,0.0
104330669,0.0,0.0,0.0,0.0,37744859,0.0,0.000343053173242,0.000343053173242,0.000228702115495
10365822,0.0,0.0,0.0,0.0,15018192,0.0,0.00035360678925,0.0,0.00011786892975
16308329,0.0,0.0,0.0,0.0,12575422,0.0,0.0,0.0,0.0
1094906196,0.0,0.0,0.0,0.0,50066407,0.0,0.0,0.0,0.0
2957091,0.0,0.0003125,0.0003125,0.000208333333333,7235952,0.0,0.000313479623824,0.0,0.000104493207941
723993,0.0,0.0003125,0.000625,0.0003125,14983131,0.0,0.0,0.0,0.0
613393,0.0,0.0,0.0,0.0,11996222,0.0,0.0,0.0003125,0.000104166666667
1675101,0.0,0.0003125,0.0,0.000104166666667,40320840,0.0,0.0,0.0,0.0
7074982,0.0,0.0003125,0.0,0.000104166666667,94868764,0.0,0.0,0.0,0.0
2136011,0.0,0.0,0.0,0.0,6069762,0.0,0.0,0.0,0.0
17419031,0.0,0.0,0.0,0.0,16091611,0.0,0.0,0.0,0.0
81683,0.0,0.0,0.0,0.0,4455451,0.0,0.0,0.0,0.0
7193212,0.0,0.0,0.0,0.0,14851118,0.0,0.000625978090767,0.0,0.000208659363589
19293,0.0,0.0,0.0,0.0,7230452,0.0,0.0,0.0,0.0
14416315,0.0,0.0,0.0,0.0,106827236,0.0,0.0,0.0,0.0
15921136,0.0,0.0003125,0.0003125,0.000208333333333,16863420,0.0,0.0,0.0,0.0
26333,0.0,0.0,0.0,0.0,4455451,0.0,0.0,0.0,0.0
16143288,0.0,0.0,0.0,0.0,14714118,0.0,0.0,0.0,0.0
15091556,0.0,0.0,0.0,0.0,8872712,0.0,0.0,0.0,0.0
16051719,0.000475737392959,0.000951474785918,0.0,0.000475737392959,39916196,0.0,0.0,0.0,0.0
14837084,0.0003125,0.0,0.0,0.000104166666667,7892572,0.0003125,0.0003125,0.0,0.000208333333333
111464878,0.0,0.0003125,0.0,0.000104166666667,57380592,0.0,0.0,0.0,0.0
14716642,0.0,0.0,0.0,0.0,8321092,0.0,0.0,0.0,0.0
1548561,0.0,0.0,0.0,0.0,14104415,0.0,0.0,0.0,0.0
15031327,0.0,0.0,0.0,0.0,15604221,0.0,0.0,0.0,0.0
5656352,0.0003125,0.0,0.0003125,0.000208333333333,16239181,0.0,0.0,0.0,0.0
16034037,0.0,0.0,0.0,0.0,979644625,0.0,0.0,0.0,0.0
14215713,0.0,0.000630715862504,0.0,0.000210238620835,62347085,0.0,0.0,0.0,0.0
15268352,0.0,0.0,0.0,0.0,492587762,0.0,0.0,0.0,0.0
8978972,0.0,0.0,0.0,0.0,16364866,0.0,0.0,0.0,0.0
15514997,0.0,0.0,0.00031328320802,0.000104427736007,105715047,0.000336473755047,0.0,0.0,0.000112157918349
15871053,0.0,0.0,0.0,0.0,5532312,0.0,0.000394477317554,0.0,0.000131492439185
15695168,0.0,0.0003125,0.0,0.000104166666667,17820652,0.0,0.0,0.0,0.0
16382824,0.0,0.000625,0.0,0.000208333333333,258498461,0.0,0.0,0.0,0.0
10102802,0.0,0.0,0.0003125,0.000104166666667,791898,0.0,0.0,0.0,0.0
11887622,0.0,0.000625,0.0003125,0.0003125,15865532,0.0,0.000312989045383,0.0,0.000104329681794
14727327,0.0,0.0,0.0,0.0,311778208,0.0,0.0,0.0,0.0
14691195,0.0,0.0,0.0,0.0,548129480,0.0,0.0,0.0,0.0
1041141787,0.0,0.0,0.0,0.0,423967879,0.0,0.0,0.00032041012496,0.000106803374987
15537027,0.0003125,0.0003125,0.0,0.000208333333333,15487302,0.0003125,0.0003125,0.000625,0.000416666666667
14575395,0.0,0.0,0.0,0.0,14248933,0.0,0.0,0.0,0.0
14348769,0.0,0.0,0.000486854917235,0.000162284972412,5291742,0.0,0.0,0.0,0.0
13949182,0.0,0.000375516334961,0.000375516334961,0.000250344223307,2251344588,0.0,0.0,0.0,0.0
1639531,0.0,0.0,0.0,0.0,6831362,0.0,0.0,0.0,0.0
12337,0.0,0.0,0.0,0.0,6035092,0.000625,0.0,0.0003125,0.0003125
14997097,0.0,0.0,0.0,0.0,16878195,0.0,0.0,0.0,0.0
15398998,0.0,0.000628733102798,0.0,0.000209577700933,14401418,0.0,0.0009375,0.0,0.0003125
14239051,0.0,0.0,0.0,0.0,20461992,0.0,0.0,0.0,0.0
17414939,0.0,0.0,0.0,0.0,87545660,0.0,0.0,0.0,0.0
13499342,0.0003125,0.0,0.0,0.000104166666667,15172311,0.000915750915751,0.0,0.0,0.00030525030525
16194790,0.0,0.00031328320802,0.0,0.000104427736007,28599737,0.0,0.0,0.0,0.0
11953642,0.0,0.0,0.0003125,0.000104166666667,15072619,0.0,0.0003125,0.0,0.000104166666667
108951868,0.0,0.000625,0.0,0.000208333333333,238725651,0.0,0.0,0.0,0.0
6146052,0.0,0.000625,0.000625,0.000416666666667,14278956,0.0,0.00113314447592,0.0,0.000377714825307
7093932,0.0,0.0003125,0.0,0.000104166666667,6686642,0.0,0.0009375,0.0,0.0003125
16975470,0.0,0.0,0.0,0.0,15587980,0.0,0.0,0.0,0.0
15014186,0.0,0.0,0.0,0.0,889782156,0.0,0.0,0.0,0.0
9266222,0.0,0.000312695434647,0.0,0.000104231811549,179790368,0.0,0.0,0.0,0.0
13160652,0.0,0.0,0.0,0.0,44370540,0.0,0.0,0.0,0.0
108341061,0.0,0.0,0.0,0.0,29358626,0.0,0.0,0.0,0.0
14657846,0.0,0.0,0.0,0.0,16701877,0.0,0.0003125,0.0003125,0.000208333333333
12891942,0.0,0.0,0.0,0.0,16422854,0.000625,0.0009375,0.0,0.000520833333333
14968717,0.0,0.0,0.0,0.0,626085020,0.0,0.0,0.0,0.0
12274362,0.0,0.0,0.0,0.0,14297648,0.0,0.0003125,0.0,0.000104166666667
1200731,0.000312989045383,0.000312989045383,0.0,0.000208659363589,14195078,0.0,0.0003125,0.0,0.000104166666667
106748752,0.0,0.0,0.0,0.0,103057840,0.0,0.0,0.0,0.0
1090690837,0.0,0.0,0.0,0.0,943456676,0.0,0.0,0.0,0.0
17159131,0.000543183052689,0.0,0.0,0.000181061017563,174841674,0.0,0.0,0.0,0.0
780635,0.0,0.0,0.0,0.0,39424195,0.0,0.0,0.0,0.0
15751651,0.0,0.0,0.0,0.0,15637908,0.0,0.000625,0.0,0.000208333333333
15871185,0.0,0.000542593597396,0.000542593597396,0.000361729064931,23002960,0.0,0.0,0.0,0.0
14516915,0.0,0.0003125,0.0003125,0.000208333333333,340058785,0.0,0.0,0.0,0.0
17584334,0.0003125,0.00125,0.0003125,0.000625,117828219,0.0,0.0,0.0,0.0
108098922,0.0,0.0,0.0,0.0,1097769618,0.0,0.0,0.0,0.0
16314953,0.0,0.0003125,0.0003125,0.000208333333333,15878473,0.0,0.000625,0.0003125,0.0003125
12441022,0.0,0.0003125,0.0,0.000104166666667,152050419,0.0,0.0,0.0,0.0
14285845,0.0,0.0,0.0,0.0,157782224,0.0,0.0,0.0,0.0
11779182,0.0,0.0,0.0,0.0,40362652,0.0003125,0.0,0.0003125,0.000208333333333
14959209,0.0,0.0,0.0003125,0.000104166666667,17064644,0.0,0.0,0.0,0.0
15436846,0.0,0.0,0.0,0.0,52236551,0.0,0.0,0.0,0.0
1298,0.0003125,0.0,0.0,0.000104166666667,24450407,0.0003125,0.0,0.0,0.000104166666667
1007597234,0.0,0.0,0.0,0.0,29120473,0.0,0.0,0.0,0.0
15377385,0.0003125,0.0,0.0,0.000104166666667,6562172,0.0,0.0,0.0,0.0
16160209,0.0,0.0,0.0,0.0,9468812,0.0003125,0.0003125,0.0003125,0.0003125
16527677,0.0,0.0,0.000313087038197,0.000104362346066,494711833,0.0,0.0,0.0,0.0
11690752,0.0,0.0,0.0,0.0,2332841,0.0,0.0003125,0.0,0.000104166666667
15938183,0.000387747188833,0.000387747188833,0.000387747188833,0.000387747188833,446612911,0.0,0.0,0.0,0.0
16295296,0.0,0.0,0.0,0.0,54221508,0.0,0.0,0.0,0.0
16233212,0.0,0.0,0.0,0.0,69419260,0.0,0.0,0.0,0.0
14564002,0.0,0.0,0.0,0.0,18502397,0.0,0.0,0.0,0.0
6111212,0.0,0.0,0.0,0.0,16393981,0.0,0.0,0.0,0.0
14181179,0.0,0.0,0.0,0.0,60314899,0.0,0.0,0.0,0.0
109376875,0.0,0.0,0.0,0.0,42991365,0.0,0.000780031201248,0.0,0.000260010400416
15457700,0.0,0.0003125,0.0,0.000104166666667,106795577,0.0,0.0,0.0,0.0
17487338,0.0,0.0,0.0,0.0,26445903,0.0,0.00033433634236,0.00033433634236,0.000222890894907
639633,0.0,0.0,0.0,0.0,17888112,0.0,0.0,0.0,0.0
15907682,0.0,0.0,0.0,0.0,720567793,0.0,0.0,0.0,0.0
1064782064,0.0,0.0,0.0,0.0,261866723,0.0,0.000319182891797,0.0,0.000106394297266
1067226108,0.0,0.0,0.0,0.0,34141579,0.0,0.0,0.0,0.0
1110654090,0.0,0.0,0.0,0.0,314743251,0.0,0.0,0.0003125,0.000104166666667
6943122,0.0,0.00093896713615,0.000312989045383,0.000417318727178,36577909,0.0003125,0.0003125,0.0009375,0.000520833333333
15903641,0.0,0.0,0.0,0.0,8169632,0.0,0.0,0.0,0.0
635703,0.0,0.0,0.0,0.0,6904702,0.0,0.0,0.0,0.0
14067135,0.0,0.0,0.0,0.0,14067659,0.0,0.0,0.0,0.0
17107707,0.0,0.0,0.0,0.0,18873027,0.0,0.0,0.0,0.0
14989091,0.0,0.0,0.0,0.0,1385401,0.0,0.0,0.0,0.0
15605972,0.0,0.0,0.0,0.0,807287510,0.0003125,0.0003125,0.000625,0.000416666666667
14707481,0.0,0.000313873195229,0.000313873195229,0.000209248796819,100003044,0.0003125,0.0003125,0.0009375,0.000520833333333
2402621,0.0,0.000625,0.0,0.000208333333333,18231645,0.0,0.000343288705802,0.0,0.000114429568601
14960579,0.0,0.0,0.0,0.0,18727981,0.0,0.0,0.0,0.0
15281670,0.0,0.0,0.0,0.0,106433398,0.0,0.0009375,0.0,0.0003125
16622183,0.0,0.0003125,0.0,0.000104166666667,62383482,0.0,0.0,0.0,0.0
10127652,0.0,0.0,0.0,0.0,18754379,0.0,0.0,0.0,0.0
16144278,0.0,0.0,0.0,0.0,9497752,0.0,0.0003125,0.0,0.000104166666667
15365981,0.0,0.0,0.0,0.0,33970790,0.0,0.0,0.0,0.0
