VA:
	overs	0.85625	137	160
	length	0.835227272727	147	176
	listing	0.817543859649	233	285
	spoiler	0.806722689076	96	119
	amber	0.723981900452	160	221
	click	0.638477801268	302	473
	circle	0.606060606061	100	165
	effect	0.590504451039	199	337
	swing	0.576354679803	117	203
	details	0.550128534704	214	389
	available	0.543321299639	301	554
	blown	0.532786885246	65	122
	bath	0.530612244898	234	441
	hiring	0.517482517483	74	143
	force	0.501960784314	128	255
	eclipse	0.495575221239	56	113
	boston	0.48951048951	210	429
	retail	0.479674796748	59	123
	belly	0.47311827957	88	186
	metal	0.46783625731	80	171
	tank	0.464566929134	59	127
	hd	0.45	126	280
	size	0.440318302387	166	377
	potential	0.426035502959	72	169
	version	0.420454545455	259	616
	jobs	0.417794970986	216	517
	moon	0.415909090909	549	1320
	plate	0.410256410256	80	195
	medical	0.370967741935	46	124
	africa	0.365217391304	42	115
	speed	0.365079365079	92	252
	australia	0.361290322581	56	155
	nyt	0.354545454545	39	110
	advantage	0.346774193548	43	124
	india	0.341463414634	70	205
	military	0.336538461538	35	104
	download	0.335793357934	182	542
	empty	0.334693877551	82	245
	services	0.326530612245	48	147
	poker	0.326241134752	46	141
	blast	0.324758842444	101	311
	review	0.323899371069	206	636
	pocket	0.323529411765	44	136
	ca	0.31455399061	67	213
	warning	0.314285714286	44	140
	users	0.311475409836	57	183
	income	0.31067961165	32	103
	2009	0.30987394958	295	952
	manager	0.305164319249	65	213
	tummy	0.30487804878	50	164
	favorited	0.3	57	190
	latest	0.3	123	410
	security	0.297674418605	64	215
	cnn	0.296774193548	46	155
	software	0.296460176991	67	226
	posts	0.295774647887	63	213
	sales	0.295774647887	105	355
	recovery	0.294871794872	46	156
	coverage	0.294573643411	38	129
	duty	0.292857142857	41	140
	inc	0.287128712871	29	101
	updated	0.285714285714	64	224
	stream	0.282608695652	39	138
	mode	0.276315789474	63	228
	glass	0.275316455696	87	316
	bag	0.273417721519	108	395
	quarter	0.272727272727	36	132
	bags	0.271523178808	41	151
	trial	0.268518518519	29	108
	gas	0.266990291262	55	206
	stuffed	0.265486725664	30	113
	square	0.264462809917	32	121
	total	0.261538461538	68	260
	report	0.261072261072	112	429
	bars	0.260869565217	30	115
	price	0.25918762089	134	517
	7th	0.257425742574	26	101
	south	0.257367387033	131	509
	police	0.256	64	250
	closet	0.255813953488	33	129
	co	0.254807692308	53	208
	tx	0.253012048193	42	166
	financial	0.25	35	140
	blocked	0.25	27	108
	enter	0.25	43	172
	mission	0.25	39	156
	est	0.248062015504	32	129
	paid	0.245614035088	84	342
	timeline	0.245098039216	25	102
	access	0.244897959184	48	196
	sale	0.244353182752	119	487
	schedule	0.244	61	250
	offers	0.243697478992	29	119
	fl	0.242857142857	34	140
	boxes	0.242718446602	25	103
	los	0.242105263158	46	190
	ave	0.240740740741	26	108
	body	0.240343347639	224	932
	auto	0.240310077519	31	129
	att	0.239263803681	39	163
F:
	wuts	0.963636363636	106	110
	wass	0.933333333333	126	135
	deed	0.923664122137	121	131
	wats	0.923139820114	1129	1223
	luck	0.922018897261	7709	8361
	grief	0.902777777778	195	216
	morning	0.891491022639	14846	16653
	ol	0.890600924499	578	649
	tweeties	0.886956521739	102	115
	mornin	0.868181818182	573	660
	ole	0.862416107383	257	298
	eco	0.848214285714	95	112
	measure	0.838095238095	88	105
	twitterverse	0.833333333333	105	126
	vibes	0.831730769231	173	208
	tweeters	0.831417624521	217	261
	sounds	0.830751900873	2950	3551
	tweeple	0.827272727273	91	110
	recommend	0.825396825397	208	252
	afternoon	0.824561403509	1175	1425
	lookin	0.820485744456	777	947
	tweeps	0.815748031496	518	635
	whats	0.815253902391	4126	5061
	waz	0.805555555556	87	108
	evening	0.803278688525	1078	1342
	suggestions	0.797520661157	193	242
	mmmm	0.796703296703	145	182
	surprisingly	0.795321637427	136	171
	tasted	0.790476190476	83	105
	homie	0.789473684211	360	456
	condition	0.787148594378	196	249
	recipe	0.785340314136	150	191
	intentions	0.772413793103	112	145
	mmm	0.771084337349	256	332
	blessed	0.763636363636	294	385
	night	0.759279839964	10248	13497
	feels	0.758360810174	1610	2123
	reminder	0.757763975155	122	161
	hows	0.75654853621	491	649
	nite	0.754931714719	995	1318
	twiggas	0.754237288136	89	118
	advice	0.753496503497	431	572
	wuz	0.751879699248	100	133
	congratulations	0.751677852349	112	149
	progress	0.748387096774	116	155
	seo	0.747967479675	92	123
	knight	0.745454545455	82	110
	tips	0.743083003953	376	506
	twitters	0.740740740741	160	216
	bye	0.738775510204	543	735
	followfriday	0.738372093023	127	172
	fortune	0.736842105263	98	133
	pretty	0.73610053313	3866	5252
	joejonas	0.735849056604	78	106
	tastes	0.735074626866	197	268
	burger	0.734615384615	191	260
	bad	0.734543391946	3885	5289
	morn	0.733333333333	110	150
	deals	0.731818181818	161	220
	sir	0.731617647059	398	544
	charlotte	0.72972972973	81	111
	impressed	0.728070175439	83	114
	far	0.727734194739	1577	2167
	job	0.725561797753	2583	3560
	yum	0.725490196078	148	204
	lord	0.721079691517	561	778
	bless	0.718562874251	360	501
	sherlock	0.718181818182	79	110
	fam	0.714663143989	541	757
	lifes	0.713675213675	167	234
	sunshine	0.712676056338	253	355
	holmes	0.712	89	125
	chilling	0.710227272727	125	176
	looking	0.709828393136	2730	3846
	grades	0.709677419355	88	124
	gr8	0.707317073171	87	123
	tool	0.707142857143	99	140
	merry	0.706546275395	313	443
	successful	0.705882352941	132	187
	beef	0.704545454545	93	132
	solid	0.703448275862	102	145
	xoxo	0.703431372549	287	408
	looks	0.701807228916	2563	3652
	overall	0.701219512195	115	164
	workout	0.70099009901	354	505
	chillen	0.699029126214	72	103
	user	0.698630136986	102	146
	seats	0.697986577181	104	149
	sauce	0.697530864198	113	162
	everybody	0.697142857143	610	875
	point	0.696248196248	965	1386
	thanx	0.696078431373	142	204
	thanks	0.69606429013	3378	4853
	idea	0.695892090742	2270	3262
	eatin	0.6953125	89	128
	feedback	0.695035460993	98	141
	urs	0.694444444444	100	144
	times	0.692395328966	2431	3511
	doin	0.691374663073	513	742
	stuff	0.689389067524	2144	3110
AH:
	romance	0.935877862595	1226	1310
	battlefield	0.91452991453	107	117
	gagas	0.736	92	125
	loans	0.717741935484	89	124
	gettin	0.698320787493	1206	1727
	getting	0.69021948402	7170	10388
	gaga	0.690161527166	470	681
	ladygaga	0.688172043011	128	186
	habits	0.675392670157	129	191
	influence	0.675159235669	106	157
	habit	0.653846153846	119	182
	gettn	0.639344262295	78	122
	good	0.622105134175	5077	8161
	loan	0.619047619048	65	105
	hurts	0.611445783133	406	664
	pee	0.577586206897	67	116
	club	0.565989847716	669	1182
	skool	0.549019607843	112	204
	credit	0.536666666667	322	600
	bitches	0.51467268623	228	443
	worse	0.5	288	576
	debt	0.496062992126	63	127
	breath	0.495575221239	112	226
	packing	0.487046632124	94	193
	headache	0.480952380952	202	420
	beta	0.47619047619	80	168
	bitch	0.474264705882	516	1088
	cobra	0.472440944882	60	127
	dressed	0.472340425532	111	235
	mah	0.472	59	125
	girls	0.471162377995	1062	2254
	bone	0.469026548673	53	113
	songzyuuup	0.462962962963	50	108
	economy	0.459915611814	109	237
	roads	0.454545454545	95	209
	timing	0.454022988506	79	174
	hurt	0.446808510638	420	940
	lady	0.444869831547	581	1306
	starship	0.444444444444	52	117
	trey	0.443548387097	55	124
	packed	0.44128113879	124	281
	hurting	0.440789473684	67	152
	homecoming	0.439252336449	47	107
	whenever	0.430327868852	105	244
	decisions	0.428571428571	66	154
	launch	0.426724137931	99	232
	cough	0.425675675676	63	148
	religion	0.424528301887	45	106
	drugs	0.423076923077	77	182
	whos	0.422256097561	277	656
	shower	0.416775884666	318	763
	downloaded	0.416666666667	55	132
	drivers	0.414634146341	51	123
	demo	0.4140625	53	128
	gud	0.413793103448	60	145
	throat	0.413669064748	115	278
	ass	0.411578112609	1038	2522
	party	0.41037037037	831	2025
	chick	0.407079646018	138	339
	karma	0.406976744186	70	172
	leave	0.405988857939	583	1436
	ship	0.404411764706	55	136
	fa	0.404109589041	59	146
	nt	0.403225806452	50	124
	fml	0.401639344262	98	244
	lock	0.4	46	115
	church	0.398891966759	288	722
	attitude	0.398009950249	80	201
	go	0.39762170197	5350	13455
	dis	0.394366197183	196	497
	swine	0.393939393939	52	132
	spelling	0.385964912281	44	114
	ughh	0.385321100917	42	109
	drug	0.383458646617	51	133
	craving	0.383333333333	46	120
	get	0.381873111782	7584	19860
	willing	0.38064516129	59	155
	school	0.379234972678	1388	3660
	knee	0.378205128205	59	156
	fever	0.377049180328	46	122
	tooo	0.376146788991	41	109
	weed	0.375	48	128
	fast	0.37417654809	284	759
	prepare	0.372881355932	44	118
	ugly	0.372549019608	190	510
	settle	0.372549019608	38	102
	raiders	0.372549019608	38	102
	hurry	0.371951219512	61	164
	parade	0.371681415929	42	113
	wasnt	0.366650648727	763	2081
	boys	0.366391184573	399	1089
	football	0.366197183099	416	1136
	spring	0.365384615385	95	260
	prolly	0.36496350365	50	137
	feat	0.364341085271	47	129
	head	0.363838294092	819	2251
	fired	0.362745098039	37	102
	aint	0.362559241706	765	2110
	moves	0.362068965517	42	116
	ugh	0.362025316456	429	1185
DD:
	pleads	1.0	228	228
	housewives	0.915137614679	399	436
	jays	0.759259259259	82	108
	delay	0.689393939394	91	132
	swayze	0.688524590164	84	122
	roses	0.675925925926	73	108
	pleasure	0.659846547315	258	391
	niet	0.649122807018	74	114
	navy	0.642201834862	70	109
	je	0.609271523179	92	151
	reply	0.587301587302	407	693
	terribly	0.586538461538	61	104
	forgive	0.580110497238	105	181
	ik	0.575892857143	129	224
	sky	0.57345971564	363	633
	patrick	0.56914893617	107	188
	charged	0.561403508772	64	114
	apologize	0.558139534884	72	129
	died	0.54704595186	250	457
	rip	0.545454545455	258	473
	ja	0.54128440367	59	109
	gue	0.54	108	200
	murder	0.533834586466	71	133
	yellow	0.53164556962	126	237
	purple	0.520737327189	113	217
	resist	0.51724137931	60	116
	het	0.509803921569	52	102
	skies	0.507518796992	135	266
	awwww	0.505617977528	90	178
	depressed	0.496732026144	76	153
	bieber	0.479591836735	141	294
	loss	0.479481641469	222	463
	less	0.477434679335	603	1263
	royal	0.47619047619	50	105
	colour	0.47572815534	49	103
	spam	0.473933649289	100	211
	meant	0.468085106383	308	658
	pero	0.464912280702	53	114
	oops	0.455040871935	167	367
	kan	0.453703703704	49	108
	hear	0.448636099826	1546	3446
	prayers	0.446808510638	126	282
	lonely	0.443902439024	91	205
	colors	0.443609022556	59	133
	former	0.443037974684	70	158
	justin	0.442595673877	266	601
	missed	0.442335766423	606	1370
	gw	0.439655172414	102	232
	justinbieber	0.437689969605	432	987
	msn	0.435897435897	51	117
	death	0.435028248588	231	531
	pink	0.434988179669	184	423
	een	0.434108527132	56	129
	dies	0.433070866142	55	127
	mistake	0.428571428571	78	182
	awe	0.428571428571	45	105
	hon	0.427184466019	44	103
	couldnt	0.426523297491	476	1116
	awww	0.421146953405	235	558
	grey	0.41958041958	60	143
	columbus	0.419047619048	44	105
	unfollow	0.417391304348	48	115
	adult	0.416666666667	90	216
	crying	0.413680781759	127	307
	yg	0.412017167382	96	233
	depressing	0.410256410256	48	117
	ocean	0.408695652174	47	115
	color	0.40616966581	158	389
	mountain	0.406060606061	67	165
	hugs	0.404718693285	223	551
	aww	0.40354535975	387	959
	jd	0.40350877193	46	114
	messages	0.392156862745	60	153
	sea	0.390862944162	77	197
	lo	0.389763779528	99	254
	passed	0.3875	124	320
	respond	0.386554621849	46	119
	planet	0.386473429952	80	207
	angry	0.386363636364	102	264
	fault	0.385892116183	93	241
	previous	0.380165289256	46	121
	cancelled	0.379562043796	52	137
	caps	0.378378378378	42	111
	jeans	0.378151260504	90	238
	ray	0.377659574468	71	188
	ako	0.377358490566	40	106
	realised	0.377358490566	40	106
	cried	0.376712328767	55	146
	ada	0.375838926174	56	149
	toronto	0.375	54	144
	goodbye	0.373983739837	92	246
	eyes	0.373913043478	387	1035
	aku	0.373134328358	50	134
	hug	0.372262773723	102	274
	aw	0.372146118721	163	438
	tweeted	0.372013651877	109	293
	blonde	0.371212121212	49	132
	iam	0.369230769231	48	130
	error	0.366972477064	40	109
	cheer	0.36524822695	103	282
CB:
	attend	0.14953271028	16	107
	error	0.137614678899	15	109
	energy	0.130514705882	71	544
	request	0.107142857143	12	112
	feed	0.0922509225092	25	271
	access	0.0816326530612	16	196
	highly	0.0769230769231	9	117
	future	0.070796460177	40	565
	server	0.0666666666667	9	135
	process	0.0639534883721	11	172
	planet	0.0579710144928	12	207
	purchase	0.051724137931	6	116
	cost	0.047619047619	9	189
	services	0.047619047619	7	147
	perform	0.0471698113208	5	106
	application	0.0467289719626	5	107
	global	0.0454545454545	7	154
	upload	0.0438596491228	5	114
	technology	0.04375	7	160
	due	0.0436681222707	20	458
	status	0.0414507772021	8	193
	german	0.0413223140496	5	121
	faces	0.04	6	150
	yahoo	0.0393700787402	5	127
	tax	0.0388888888889	7	180
	professional	0.0388349514563	4	103
	perhaps	0.0386266094421	9	233
	breathe	0.0384615384615	4	104
	faster	0.0378787878788	5	132
	government	0.0372670807453	6	161
	homes	0.0366972477064	4	109
	entry	0.036036036036	4	111
	accounts	0.0350877192982	4	114
	socks	0.0350877192982	4	114
	resist	0.0344827586207	4	116
	data	0.0344827586207	7	203
	research	0.0341463414634	7	205
	contact	0.0338983050847	8	236
	risk	0.0336134453782	4	119
	iranelection	0.0331125827815	5	151
	customers	0.0326797385621	5	153
	eagles	0.032	4	125
	account	0.0318302387268	12	377
	industry	0.03125	4	128
	building	0.0297872340426	7	235
	products	0.0297619047619	5	168
	similar	0.029702970297	3	101
	unfortunately	0.0295857988166	5	169
	market	0.0294985250737	10	339
	doors	0.0294117647059	3	102
	becomes	0.0294117647059	3	102
	upon	0.0294117647059	4	136
	projects	0.029197080292	4	137
	difference	0.0289855072464	6	207
	terms	0.0288461538462	3	104
	vision	0.0283687943262	4	141
	bills	0.0281690140845	4	142
	file	0.0280373831776	3	107
	built	0.0280373831776	3	107
	regret	0.0277777777778	3	108
	certainly	0.0275229357798	3	109
	six	0.0273224043716	5	183
	minds	0.0272727272727	3	110
	cash	0.027149321267	6	221
	onto	0.027027027027	4	148
	grateful	0.027027027027	3	111
	system	0.027027027027	12	444
	load	0.0267379679144	5	187
	accept	0.0266666666667	4	150
	http	0.0263157894737	3	114
	cars	0.0262008733624	6	229
	wind	0.025974025974	8	308
	detroit	0.025641025641	3	117
	despite	0.025641025641	6	234
	create	0.0255102040816	5	196
	clients	0.0254237288136	3	118
	incredibly	0.0254237288136	3	118
	limit	0.0252100840336	3	119
	sadly	0.025	3	120
	reminder	0.0248447204969	4	161
	suddenly	0.0245901639344	3	122
	networking	0.0245901639344	3	122
	seo	0.0243902439024	3	123
	within	0.0243902439024	4	164
	signed	0.0243902439024	4	164
	tx	0.0240963855422	4	166
	reach	0.0240963855422	4	166
	program	0.0239726027397	7	292
	windows	0.0237388724036	8	337
	award	0.0235294117647	4	170
	content	0.0234741784038	5	213
	security	0.0232558139535	5	215
	auto	0.0232558139535	3	129
	handle	0.0232558139535	5	215
	interest	0.0230769230769	3	130
	travel	0.0226628895184	8	353
	signs	0.0223880597015	3	134
	popular	0.0222222222222	3	135
	friendly	0.0222222222222	3	135
	nation	0.0222222222222	3	135
FI:
	beyond	0.078431372549	16	204
	grow	0.0705882352941	18	255
	barely	0.0693641618497	12	173
	rehearsal	0.0625	8	128
	nap	0.058748403576	46	783
	extremely	0.0555555555556	14	252
	stayed	0.0514705882353	7	136
	freakin	0.0507614213198	10	197
	sore	0.0473186119874	15	317
	completely	0.0463917525773	18	388
	swimming	0.0454545454545	5	110
	absolutely	0.0429447852761	14	326
	rest	0.0405727923628	51	1257
	asleep	0.0383838383838	19	495
	goodnight	0.0378787878788	20	528
	i39m	0.0369318181818	13	352
	upon	0.0367647058824	5	136
	moved	0.0364583333333	7	192
	sleep	0.0357394780155	152	4253
	bone	0.0353982300885	4	113
	couch	0.0353535353535	7	198
	blah	0.0352112676056	5	142
	holding	0.0341463414634	7	205
	tired	0.0338983050847	66	1947
	energy	0.0330882352941	18	544
	strategy	0.0330578512397	4	121
	slept	0.0327868852459	12	366
	growing	0.0322580645161	4	124
	shall	0.0322580645161	12	372
	moving	0.0313199105145	14	447
	awake	0.03125	16	512
	relax	0.0311418685121	9	289
	packing	0.0310880829016	6	193
	spent	0.0309050772627	14	453
	carry	0.030534351145	4	131
	freaking	0.0304182509506	8	263
	crash	0.0301724137931	7	232
	arrived	0.0298507462687	6	201
	gross	0.029702970297	3	101
	bed	0.0295579387915	113	3823
	breaks	0.0294117647059	3	102
	research	0.0292682926829	6	205
	balance	0.0291262135922	3	103
	process	0.0290697674419	5	172
	terribly	0.0288461538462	3	104
	totally	0.0287929125138	26	903
	heading	0.0285714285714	15	525
	frustrated	0.0285714285714	3	105
	hours	0.0283303194696	47	1659
	hrs	0.0278745644599	8	287
	feet	0.0276923076923	9	325
	whew	0.0275229357798	3	109
	studying	0.0273037542662	8	293
	teaching	0.0272108843537	4	147
	weak	0.027027027027	4	148
	thai	0.0267857142857	3	112
	semester	0.0267857142857	6	224
	homework	0.0261682242991	14	535
	signing	0.0260869565217	3	115
	juss	0.0254777070064	4	157
	flow	0.0254237288136	3	118
	sleepy	0.0252873563218	11	435
	limit	0.0252100840336	3	119
	cleaning	0.025078369906	8	319
	waking	0.025078369906	8	319
	twins	0.025	3	120
	cure	0.0247933884298	3	121
	managed	0.0246913580247	4	162
	hockey	0.0246913580247	4	162
	fever	0.0245901639344	3	122
	forgotten	0.0245901639344	3	122
	pulled	0.0245398773006	4	163
	competition	0.0243902439024	4	164
	lake	0.0242424242424	4	165
	staying	0.0237288135593	7	295
	insane	0.0234375	3	128
	hungry	0.0233333333333	14	600
	praying	0.0232558139535	5	215
	closet	0.0232558139535	3	129
	brain	0.0229885057471	8	348
	walked	0.0229885057471	4	174
	early	0.0228758169935	42	1836
	xp	0.0227272727273	3	132
	editing	0.0227272727273	3	132
	bones	0.0227272727273	4	176
	presentation	0.0224719101124	4	178
	laying	0.0220994475138	4	181
	mile	0.0220588235294	3	136
	finishing	0.021978021978	4	182
	exercise	0.021978021978	4	182
	fall	0.0219072164948	17	776
	takin	0.021897810219	3	137
	projects	0.021897810219	3	137
	officially	0.0217391304348	7	322
	driving	0.0216998191682	12	553
	slowly	0.0215827338129	3	139
	duty	0.0214285714286	3	140
	wake	0.0214285714286	18	840
	literally	0.0214285714286	3	140
	lay	0.0212765957447	5	235
TA:
	calm	0.134078212291	24	179
	excited	0.112156862745	143	1275
	stressed	0.106870229008	14	131
	application	0.0934579439252	10	107
	interview	0.0924242424242	61	660
	slightly	0.0896226415094	19	212
	ahhhh	0.0816326530612	12	147
	yoga	0.08	12	150
	exam	0.0776397515528	25	322
	nervous	0.0738916256158	15	203
	presentation	0.0730337078652	13	178
	exams	0.0705882352941	12	170
	young	0.0704225352113	45	639
	scared	0.0670391061453	24	358
	speech	0.0652173913043	15	230
	een	0.062015503876	8	129
	test	0.0606060606061	48	792
	extremely	0.0595238095238	15	252
	mens	0.0594059405941	6	101
	leg	0.0588235294118	12	204
	system	0.0585585585586	26	444
	dentist	0.0566037735849	6	106
	worried	0.0546218487395	13	238
	tmrw	0.0540540540541	6	111
	haircut	0.0535714285714	6	112
	freaking	0.0532319391635	14	263
	bit	0.0530265132566	106	1999
	niet	0.0526315789474	6	114
	flying	0.0523560209424	10	191
	ground	0.0510204081633	10	196
	brazil	0.0495867768595	6	121
	op	0.0492957746479	7	142
	suddenly	0.0491803278689	6	122
	tomorrows	0.0481927710843	8	166
	starts	0.0480961923848	24	499
	central	0.047619047619	7	147
	awkward	0.047619047619	5	105
	weekends	0.0467289719626	5	107
	flight	0.0466321243523	18	386
	little	0.0462375339982	153	3309
	whew	0.045871559633	5	109
	depressed	0.0457516339869	7	153
	friendly	0.0444444444444	6	135
	legs	0.0442477876106	10	226
	cmon	0.0441176470588	6	136
	surgery	0.043956043956	8	182
	stage	0.0434782608696	11	253
	kinda	0.0415094339623	66	1590
	cast	0.0414201183432	7	169
	fever	0.0409836065574	5	122
	feeling	0.0409504550051	162	3956
	teaching	0.0408163265306	6	147
	je	0.0397350993377	6	151
	makes	0.0396962374871	115	2897
	sudden	0.039603960396	4	101
	starting	0.0395809080326	34	859
	manage	0.0393700787402	5	127
	het	0.0392156862745	4	102
	rehearsal	0.0390625	5	128
	somehow	0.0388888888889	7	180
	comfort	0.0388349514563	4	103
	begins	0.0387596899225	5	129
	laying	0.0386740331492	7	181
	breathe	0.0384615384615	4	104
	super	0.0384615384615	49	1274
	draw	0.0384615384615	6	156
	relax	0.038062283737	11	289
	board	0.0380228136882	10	263
	stress	0.0376569037657	9	239
	pulled	0.0368098159509	6	163
	waiting	0.0365025466893	43	1178
	swimming	0.0363636363636	4	110
	gah	0.036036036036	4	111
	waitin	0.0353982300885	4	113
	crowd	0.0352941176471	6	170
	paranormal	0.035175879397	7	199
	hehehe	0.0346820809249	6	173
	teachers	0.0344827586207	4	116
	airport	0.0341614906832	11	322
	jets	0.0338983050847	6	177
	hands	0.0338983050847	18	531
	strange	0.0338164251208	7	207
	estate	0.0336134453782	4	119
	stomach	0.033426183844	12	359
	prepared	0.0333333333333	4	120
	german	0.0330578512397	4	121
	lee	0.0330578512397	4	121
	tomorrow	0.0328920148945	159	4834
	hearts	0.0327868852459	8	244
	customers	0.0326797385621	5	153
	pressure	0.0326086956522	6	184
	conference	0.0325203252033	8	246
	makin	0.0325203252033	8	246
	net	0.0324675324675	5	154
	sf	0.0324675324675	5	154
	journey	0.0324675324675	5	154
	seemed	0.0324675324675	5	154
	ready	0.032293377121	59	1827
	someones	0.0322580645161	4	124
	results	0.0322580645161	10	310
