VA:
	tilt	0.873015873016	110	126
	overs	0.865	173	200
	length	0.80971659919	200	247
	listing	0.792817679558	287	362
	spoiler	0.774725274725	141	182
	amber	0.730061349693	238	326
	effect	0.614173228346	312	508
	surprises	0.611940298507	82	134
	circle	0.600896860987	134	223
	swing	0.598615916955	173	289
	click	0.589473684211	392	665
	details	0.55614973262	312	561
	curb	0.550847457627	65	118
	impressions	0.537037037037	58	108
	zombies	0.528985507246	73	138
	hq	0.516949152542	61	118
	hiring	0.509523809524	107	210
	blown	0.505555555556	91	180
	available	0.505333333333	379	750
	pakistan	0.504587155963	55	109
	bath	0.499136442142	289	579
	retail	0.488505747126	85	174
	nytimes	0.486486486486	54	111
	hd	0.486486486486	198	407
	force	0.483516483516	176	364
	eclipse	0.483443708609	73	151
	size	0.473043478261	272	575
	belly	0.470149253731	126	268
	metal	0.469879518072	117	249
	boston	0.453874538745	246	542
	fourth	0.449152542373	53	118
	jobs	0.433333333333	351	810
	tank	0.422222222222	76	180
	lcd	0.420168067227	50	119
	version	0.416464891041	344	826
	potential	0.415966386555	99	238
	stocks	0.403669724771	44	109
	assistant	0.401869158879	43	107
	volume	0.4	52	130
	frame	0.4	42	105
	moon	0.399091499027	615	1541
	monitor	0.388888888889	56	144
	featured	0.385321100917	42	109
	plate	0.380165289256	92	242
	inc	0.378571428571	53	140
	poker	0.369158878505	79	214
	pocket	0.367647058824	75	204
	vehicle	0.366336633663	37	101
	nyt	0.364779874214	58	159
	steam	0.354545454545	39	110
	empty	0.352435530086	123	349
	dx	0.352380952381	37	105
	military	0.351145038168	46	131
	advantage	0.350877192982	60	171
	published	0.348484848485	46	132
	quarter	0.34693877551	68	196
	speed	0.345609065156	122	353
	medical	0.340782122905	61	179
	income	0.337931034483	49	145
	security	0.333333333333	103	309
	ban	0.333333333333	35	105
	users	0.327935222672	81	247
	latest	0.326086956522	210	644
	blast	0.322072072072	143	444
	australia	0.319634703196	70	219
	2009	0.316812439261	326	1029
	services	0.316455696203	75	237
	inbox	0.316239316239	37	117
	att	0.315555555556	71	225
	sales	0.315352697095	152	482
	odds	0.313725490196	32	102
	recovery	0.3133640553	68	217
	india	0.311643835616	91	292
	africa	0.309392265193	56	181
	trading	0.305970149254	41	134
	map	0.305970149254	41	134
	favorited	0.304832713755	82	269
	stream	0.3	57	190
	coverage	0.298969072165	58	194
	tummy	0.297777777778	67	225
	range	0.296052631579	45	152
	physical	0.296	37	125
	warning	0.295336787565	57	193
	download	0.295081967213	234	793
	manager	0.294915254237	87	295
	shipping	0.293233082707	39	133
	sample	0.292452830189	31	106
	reports	0.29203539823	66	226
	mp3	0.290598290598	34	117
	review	0.289805269187	253	873
	ca	0.288961038961	89	308
	rd	0.285714285714	34	119
	duty	0.282722513089	54	191
	benefits	0.28125	36	128
	earthquake	0.277777777778	50	180
	software	0.276073619632	90	326
	leo	0.275	33	120
	fl	0.274509803922	56	204
	view	0.274193548387	153	558
	timeline	0.27397260274	60	219
F:
	colourlovers	1.0	106	106
	themeleon	1.0	105	105
	riddance	0.948529411765	129	136
	watz	0.946564885496	124	131
	wuts	0.936781609195	163	174
	twitterland	0.935185185185	101	108
	wass	0.932692307692	194	208
	deed	0.93	186	200
	wats	0.925407925408	1588	1716
	luck	0.921054863054	10862	11793
	grief	0.910034602076	263	289
	humidity	0.898305084746	106	118
	twitterville	0.894366197183	127	142
	morning	0.894238424471	21341	23865
	tweeties	0.888235294118	151	170
	tweethearts	0.882352941176	135	153
	wus	0.875	105	120
	recommendations	0.872549019608	89	102
	ol	0.867944621938	815	939
	eco	0.866666666667	143	165
	mornin	0.865217391304	796	920
	ole	0.863961813842	362	419
	twitterverse	0.848684210526	129	152
	vibes	0.844370860927	255	302
	measure	0.839160839161	120	143
	tweeters	0.836363636364	276	330
	sounds	0.832488339079	4105	4931
	recommend	0.831360946746	281	338
	afternoon	0.829365079365	1672	2016
	tweeple	0.829113924051	131	158
	lookin	0.826530612245	1134	1372
	wbu	0.825	99	120
	whts	0.821782178218	83	101
	whats	0.819961400607	5948	7254
	tweeps	0.817361894025	725	887
	suggestion	0.81512605042	97	119
	evening	0.810016330974	1488	1837
	mmmm	0.80078125	205	256
	tasted	0.798657718121	119	149
	surprisingly	0.795238095238	167	210
	suggestions	0.792048929664	259	327
	twiggas	0.78231292517	115	147
	blessed	0.78125	450	576
	wuz	0.774193548387	144	186
	mmmmm	0.774193548387	96	124
	homie	0.771723122239	524	679
	hows	0.771584699454	706	915
	intentions	0.768867924528	163	212
	hump	0.768656716418	103	134
	followfriday	0.767441860465	165	215
	reminder	0.766816143498	171	223
	mmm	0.765864332604	350	457
	condition	0.764705882353	247	323
	feels	0.762471093492	2308	3027
	night	0.762051718634	14322	18794
	nite	0.759911894273	1380	1816
	recipe	0.759259259259	205	270
	smelling	0.754716981132	80	106
	user	0.75462962963	163	216
	bless	0.744444444444	536	720
	waz	0.74375	119	160
	congratulations	0.742718446602	153	206
	advice	0.742177722153	593	799
	tastes	0.738341968912	285	386
	sweets	0.738317757009	79	107
	progress	0.73732718894	160	217
	pretty	0.736424731183	5479	7440
	thankyou	0.736111111111	106	144
	bad	0.735177342509	5555	7556
	everythings	0.735042735043	86	117
	sir	0.73252688172	545	744
	job	0.732256778309	3673	5016
	lord	0.729296527159	819	1123
	recipes	0.728971962617	78	107
	tips	0.728789986092	524	719
	twas	0.728155339806	75	103
	bye	0.727272727273	760	1045
	twugs	0.726495726496	85	117
	seo	0.724489795918	142	196
	far	0.723397331598	2223	3073
	sup	0.722222222222	78	108
	direction	0.720930232558	93	129
	fortune	0.720670391061	129	179
	twitters	0.720588235294	196	272
	spirits	0.720338983051	85	118
	fam	0.720221606648	780	1083
	looking	0.719568853373	3872	5381
	livin	0.71875	92	128
	flick	0.718181818182	79	110
	knight	0.718120805369	107	149
	sounding	0.717105263158	109	152
	sauce	0.717073170732	147	205
	xoxo	0.715025906736	414	579
	feedback	0.714975845411	148	207
	morn	0.714285714286	145	203
	successful	0.713261648746	199	279
	charm	0.712962962963	77	108
	mph	0.712871287129	72	101
	chilling	0.711711711712	158	222
	eats	0.711538461538	111	156
AH:
	battlefield	0.945504087193	347	367
	romance	0.933870040253	1624	1739
	loans	0.738461538462	144	195
	gagas	0.72602739726	106	146
	influence	0.703862660944	164	233
	gettin	0.692600422833	1638	2365
	gaga	0.68303094984	640	937
	getting	0.682928581693	9505	13918
	habits	0.682835820896	183	268
	habit	0.674509803922	172	255
	loan	0.659793814433	128	194
	gettn	0.625766871166	102	163
	good	0.618936647678	7171	11586
	ladygaga	0.606153846154	197	325
	hurts	0.602860286029	548	909
	natalie	0.598360655738	73	122
	credit	0.580781414995	550	947
	club	0.574096385542	953	1660
	nicki	0.5625	63	112
	breath	0.550458715596	180	327
	pdf	0.54954954955	61	111
	grammar	0.542857142857	76	140
	chick	0.537313432836	360	670
	pee	0.536144578313	89	166
	reunion	0.531914893617	75	141
	azz	0.52380952381	55	105
	bitches	0.515702479339	312	605
	revenge	0.5	53	106
	songz	0.5	55	110
	skool	0.5	135	270
	worse	0.492268041237	382	776
	dressed	0.492211838006	158	321
	bitch	0.490318550906	785	1601
	religion	0.487012987013	75	154
	packing	0.485477178423	117	241
	girls	0.477556109726	1532	3208
	debt	0.475409836066	87	183
	headache	0.469879518072	273	581
	downloaded	0.463302752294	101	218
	bone	0.46	69	150
	beta	0.458937198068	95	207
	roads	0.452755905512	115	254
	timing	0.449781659389	103	229
	economy	0.449541284404	147	327
	solution	0.447513812155	81	181
	packed	0.446194225722	170	381
	port	0.445454545455	49	110
	attitude	0.444827586207	129	290
	cobra	0.441860465116	76	172
	demo	0.43956043956	80	182
	lady	0.438857142857	768	1750
	whenever	0.436578171091	148	339
	homecoming	0.436363636364	48	110
	songzyuuup	0.434782608696	60	138
	hurt	0.433479532164	593	1368
	wolf	0.432835820896	58	134
	nerves	0.431818181818	57	132
	ughhh	0.430894308943	53	123
	trey	0.430463576159	65	151
	hurting	0.429245283019	91	212
	starship	0.427631578947	65	152
	cough	0.425	85	200
	whos	0.418410041841	400	956
	steady	0.418181818182	46	110
	gud	0.417840375587	89	213
	eva	0.415254237288	49	118
	decisions	0.413793103448	96	232
	ship	0.413265306122	81	196
	ass	0.413180202352	1511	3657
	hurry	0.412765957447	97	235
	smash	0.409523809524	43	105
	launch	0.408945686901	128	313
	shower	0.408029878618	437	1071
	craving	0.40490797546	66	163
	supper	0.403669724771	44	109
	company	0.403337969402	580	1438
	throat	0.402898550725	139	345
	party	0.400297066469	1078	2693
	pumped	0.4	50	125
	wana	0.395973154362	59	149
	go	0.395875845774	7372	18622
	mah	0.395604395604	72	182
	nt	0.394736842105	75	190
	fired	0.394160583942	54	137
	swine	0.392857142857	55	140
	leave	0.391984359726	802	2046
	behavior	0.390977443609	52	133
	toe	0.390909090909	43	110
	begin	0.389937106918	124	318
	errands	0.388429752066	47	121
	debut	0.387387387387	43	111
	630	0.385964912281	44	114
	eu	0.385416666667	74	192
	feat	0.385416666667	74	192
	spelling	0.383647798742	61	159
	drivers	0.383419689119	74	193
	blow	0.383177570093	123	321
	7pm	0.3828125	49	128
	fml	0.382789317507	129	337
	get	0.382636080593	10692	27943
DD:
	pleads	0.997058823529	339	340
	plead	0.95145631068	98	103
	housewives	0.908496732026	556	612
	jays	0.824175824176	150	182
	ribbon	0.764705882353	78	102
	ridge	0.742574257426	75	101
	jackets	0.739726027397	108	146
	devils	0.723926380368	118	163
	spamming	0.720588235294	98	136
	roses	0.718390804598	125	174
	niet	0.689265536723	122	177
	delay	0.686170212766	129	188
	swayze	0.680327868852	83	122
	pleasure	0.666666666667	352	528
	maar	0.657142857143	92	140
	navy	0.647435897436	101	156
	je	0.614678899083	134	218
	ik	0.612535612536	215	351
	panda	0.603174603175	76	126
	sky	0.596218020022	536	899
	typo	0.587719298246	67	114
	hacked	0.587719298246	67	114
	reply	0.581532416503	592	1018
	charged	0.566666666667	85	150
	voor	0.563025210084	67	119
	died	0.562111801242	362	644
	skies	0.560526315789	213	380
	replying	0.549618320611	72	131
	yellow	0.548648648649	203	370
	collar	0.548076923077	57	104
	apologize	0.546875	105	192
	replied	0.544827586207	79	145
	terribly	0.542857142857	76	140
	earrings	0.54128440367	59	109
	purple	0.54012345679	175	324
	confusion	0.534482758621	62	116
	forgive	0.532319391635	140	263
	het	0.53125	85	160
	patrick	0.527777777778	114	216
	gue	0.526153846154	171	325
	pathetic	0.525547445255	72	137
	murder	0.51832460733	99	191
	rip	0.51632970451	332	643
	ja	0.511904761905	86	168
	royal	0.509933774834	77	151
	tau	0.5	54	108
	pero	0.497076023392	85	171
	romantic	0.496503496503	71	143
	awwww	0.496062992126	126	254
	spam	0.49504950495	150	303
	resist	0.493975903614	82	166
	etsy	0.493055555556	71	144
	por	0.486486486486	72	148
	depressed	0.486363636364	107	220
	loss	0.475262368816	317	667
	oops	0.473887814313	245	517
	colour	0.473684210526	72	152
	apologies	0.470588235294	48	102
	prayers	0.469002695418	174	371
	innocent	0.467889908257	51	109
	ocean	0.467065868263	78	167
	less	0.463673951565	785	1693
	gw	0.462809917355	168	363
	een	0.46192893401	91	197
	hon	0.460431654676	64	139
	dies	0.456852791878	90	197
	meant	0.45644983462	414	907
	kan	0.452380952381	76	168
	diamond	0.45	63	140
	msn	0.447513812155	81	181
	grass	0.446153846154	58	130
	color	0.444444444444	256	576
	hear	0.444421657096	2167	4876
	replies	0.443609022556	59	133
	gak	0.443037974684	70	158
	death	0.442307692308	322	728
	itu	0.438461538462	57	130
	waffle	0.436893203883	45	103
	missed	0.436420722135	834	1911
	grey	0.434579439252	93	214
	offended	0.432432432432	48	111
	baru	0.431034482759	50	116
	duke	0.427835051546	83	194
	colors	0.427777777778	77	180
	lonely	0.426470588235	116	272
	bieber	0.425742574257	258	606
	former	0.424242424242	98	231
	couldnt	0.424063116371	645	1521
	messages	0.423580786026	97	229
	awe	0.422818791946	63	149
	pink	0.422338568935	242	573
	deleted	0.422077922078	65	154
	sama	0.421768707483	62	147
	netbook	0.421568627451	43	102
	eyed	0.421487603306	51	121
	hugs	0.418485237484	326	779
	unfollow	0.41847826087	77	184
	delayed	0.418181818182	46	110
	aku	0.41592920354	94	226
	mountain	0.415525114155	91	219
CB:
	fuel	0.138613861386	14	101
	energy	0.136882129278	108	789
	connect	0.126666666667	19	150
	effective	0.113636363636	15	132
	error	0.109589041096	16	146
	attend	0.101265822785	16	158
	lighting	0.0925925925926	10	108
	gmail	0.0891089108911	9	101
	future	0.0740740740741	60	810
	request	0.0736196319018	12	163
	access	0.0733590733591	19	259
	feed	0.0714285714286	25	350
	highly	0.0710059171598	12	169
	process	0.0689655172414	16	232
	homes	0.0612244897959	9	147
	planet	0.059375	19	320
	cost	0.0566801619433	14	247
	server	0.0535714285714	9	168
	increase	0.0504201680672	6	119
	perform	0.0496894409938	8	161
	technology	0.0488888888889	11	225
	application	0.048275862069	7	145
	economic	0.047619047619	5	105
	creating	0.0458015267176	6	131
	due	0.0447530864198	29	648
	govt	0.0434782608696	5	115
	tools	0.0431654676259	6	139
	professional	0.0426829268293	7	164
	services	0.042194092827	10	237
	government	0.0414746543779	9	217
	physically	0.0413223140496	5	121
	german	0.0402010050251	8	199
	global	0.0384615384615	8	208
	properly	0.0373134328358	5	134
	afford	0.0367647058824	5	136
	purchase	0.0365853658537	6	164
	provide	0.036496350365	5	137
	steam	0.0363636363636	4	110
	perhaps	0.0358306188925	11	307
	tax	0.0357142857143	10	280
	faces	0.0355555555556	8	225
	returns	0.0353982300885	4	113
	yahoo	0.0352941176471	6	170
	helpful	0.0347826086957	4	115
	lower	0.0347222222222	5	144
	reuters	0.034188034188	4	117
	claim	0.034188034188	4	117
	eagles	0.0340136054422	5	147
	data	0.0335820895522	9	268
	status	0.0334572490706	9	269
	file	0.0333333333333	5	150
	similar	0.0333333333333	5	150
	seek	0.0325203252033	4	123
	deliver	0.0325203252033	4	123
	breathe	0.0320512820513	5	156
	dems	0.032	4	125
	research	0.031914893617	9	282
	load	0.0318725099602	8	251
	http	0.0318181818182	7	220
	faster	0.0315789473684	6	190
	higher	0.03125	4	128
	led	0.03125	4	128
	contacts	0.031007751938	4	129
	unfortunately	0.0308370044053	7	227
	seo	0.030612244898	6	196
	upload	0.030487804878	5	164
	resist	0.0301204819277	5	166
	saving	0.0301204819277	5	166
	direct	0.03	6	200
	contact	0.0299401197605	10	334
	environment	0.0298507462687	4	134
	writer	0.0297619047619	5	168
	amazingly	0.029702970297	3	101
	qb	0.029702970297	3	101
	display	0.029702970297	3	101
	cities	0.0294117647059	3	102
	regardless	0.0294117647059	3	102
	risk	0.0292397660819	5	171
	clients	0.0292397660819	5	171
	afterwards	0.0291262135922	3	103
	finance	0.0291262135922	3	103
	route	0.0291262135922	3	103
	reform	0.0289855072464	4	138
	exist	0.0285714285714	4	140
	canadian	0.0285714285714	4	140
	ie	0.0283687943262	4	141
	congress	0.0281690140845	4	142
	medical	0.0279329608939	5	179
	building	0.0278551532033	10	359
	becomes	0.0277777777778	4	144
	iranelection	0.0276243093923	5	181
	stocks	0.0275229357798	3	109
	doors	0.027397260274	4	146
	championship	0.027397260274	4	146
	tries	0.0272727272727	3	110
	leading	0.0272727272727	3	110
	cars	0.0271903323263	9	331
	system	0.0270700636943	17	628
	vision	0.027027027027	5	185
	safety	0.0267857142857	3	112
FI:
	mentally	0.230088495575	26	113
	physically	0.181818181818	22	121
	beyond	0.0677966101695	20	295
	grow	0.0677083333333	26	384
	nap	0.0549954170486	60	1091
	starving	0.0535714285714	6	112
	sore	0.0516853932584	23	445
	dreaming	0.05	6	120
	rehearsal	0.0481927710843	8	166
	freakin	0.047619047619	12	252
	completely	0.0467289719626	25	535
	extremely	0.0467032967033	17	364
	barely	0.046218487395	11	238
	bedtime	0.0434782608696	5	115
	goodnight	0.0428769017981	31	723
	stayed	0.0416666666667	8	192
	rest	0.040092969204	69	1721
	landed	0.039603960396	4	101
	slept	0.0395480225989	21	531
	caring	0.0377358490566	4	106
	absolutely	0.037610619469	17	452
	recovery	0.036866359447	8	217
	asleep	0.0364145658263	26	714
	awake	0.036231884058	25	690
	bash	0.0347826086957	4	115
	frustrated	0.0344827586207	5	145
	weak	0.0344827586207	7	203
	tired	0.0344577439246	95	2757
	sleep	0.0342244168227	201	5873
	reached	0.0338983050847	4	118
	swimming	0.0337837837838	5	148
	tests	0.0337837837838	5	148
	spent	0.03367003367	20	594
	describe	0.0336134453782	4	119
	finishing	0.0334728033473	8	239
	bone	0.0333333333333	5	150
	wrapped	0.0330578512397	4	121
	hrs	0.0325	13	400
	i39m	0.031746031746	14	441
	upon	0.03125	6	192
	interviews	0.031007751938	4	129
	intense	0.031007751938	4	129
	blessing	0.0298507462687	4	134
	fml	0.0296735905045	10	337
	bed	0.0296643247463	152	5124
	luckily	0.0294117647059	3	102
	lastnight	0.0291262135922	3	103
	packing	0.0290456431535	7	241
	stoked	0.0285714285714	3	105
	terribly	0.0285714285714	4	140
	hours	0.0282776349614	66	2334
	totally	0.0276461295419	35	1266
	arrived	0.0275590551181	7	254
	couch	0.0274509803922	7	255
	birth	0.027027027027	3	111
	adorable	0.027027027027	4	148
	mile	0.027027027027	5	185
	miserable	0.0267857142857	3	112
	moved	0.0266159695817	7	263
	yawn	0.0265486725664	3	113
	gray	0.0263157894737	3	114
	whew	0.0261437908497	4	153
	moving	0.0254372019078	16	629
	weekly	0.0254237288136	3	118
	energy	0.0253485424588	20	789
	demand	0.0252100840336	3	119
	flow	0.0251572327044	4	159
	heading	0.0251479289941	17	676
	shall	0.0250447227191	14	559
	carry	0.0248756218905	5	201
	freaking	0.0247252747253	9	364
	strategy	0.0246913580247	4	162
	relax	0.0246305418719	10	406
	lay	0.0243902439024	8	328
	hungry	0.0243902439024	20	820
	blah	0.0243902439024	5	205
	walked	0.0241935483871	6	248
	sleepy	0.0240963855422	14	581
	homework	0.0239774330042	17	709
	signing	0.0239520958084	4	167
	competition	0.0239043824701	6	251
	painful	0.0236220472441	3	127
	feet	0.0236051502146	11	466
	complaining	0.0232558139535	3	129
	semester	0.023166023166	6	259
	fr	0.0229007633588	3	131
	members	0.0227272727273	5	220
	plain	0.0227272727273	3	132
	tmrw	0.0225988700565	4	177
	bedroom	0.0225563909774	3	133
	zombie	0.0222222222222	3	135
	routine	0.0222222222222	3	135
	dealing	0.0222222222222	3	135
	suffering	0.0220588235294	3	136
	bloody	0.0220385674931	8	363
	wore	0.021897810219	3	137
	waking	0.0218818380744	10	457
	budget	0.0217391304348	4	184
	studying	0.0217391304348	8	368
	proper	0.0217391304348	5	230
TA:
	wreck	0.23275862069	27	116
	anxiety	0.174603174603	22	126
	calm	0.152610441767	38	249
	excited	0.116817155756	207	1772
	nerves	0.106060606061	14	132
	stressed	0.103260869565	19	184
	slightly	0.0875420875421	26	297
	interview	0.0875420875421	78	891
	presentation	0.0853658536585	21	246
	een	0.0812182741117	16	197
	tad	0.0803571428571	9	112
	exam	0.0772833723653	33	427
	application	0.0758620689655	11	145
	appointment	0.0725806451613	9	124
	yoga	0.0707547169811	15	212
	scared	0.070564516129	35	496
	audition	0.0693069306931	7	101
	soap	0.0660377358491	7	106
	exams	0.0654205607477	14	214
	booked	0.0654205607477	7	107
	op	0.0653266331658	13	199
	nervous	0.0640569395018	18	281
	young	0.0638977635783	60	939
	ahhhh	0.0636363636364	14	220
	speech	0.0622950819672	19	305
	dentist	0.0608108108108	9	148
	awkward	0.06	9	150
	tomorrows	0.0595744680851	14	235
	system	0.0589171974522	37	628
	worried	0.058282208589	19	326
	extremely	0.0576923076923	21	364
	surgery	0.0572519083969	15	262
	comfortable	0.0566037735849	6	106
	test	0.0564102564103	66	1170
	interviews	0.0542635658915	7	129
	central	0.052380952381	11	210
	freaking	0.0521978021978	19	364
	bit	0.0509945750452	141	2765
	niet	0.0508474576271	9	177
	je	0.0504587155963	11	218
	describe	0.0504201680672	6	119
	argh	0.0496453900709	7	141
	tommorow	0.0492957746479	7	142
	unexpected	0.0490196078431	5	102
	ground	0.048951048951	14	286
	laughter	0.0486111111111	7	144
	weekends	0.0481927710843	8	166
	flying	0.0481481481481	13	270
	walks	0.0479452054795	7	146
	haircut	0.0479041916168	8	167
	little	0.0474642392718	219	4614
	brazil	0.0473372781065	8	169
	laid	0.0472440944882	6	127
	false	0.0471698113208	5	106
	pressure	0.0470085470085	11	234
	nu	0.0466666666667	7	150
	hung	0.0454545454545	6	132
	tmrw	0.045197740113	8	177
	debut	0.045045045045	5	111
	suddenly	0.0449438202247	8	178
	natural	0.0448979591837	11	245
	leg	0.0448275862069	13	290
	appear	0.044776119403	6	134
	kinda	0.0439510647938	97	2207
	makes	0.0430633716663	176	4087
	maar	0.0428571428571	6	140
	afraid	0.0427631578947	13	304
	mens	0.0424242424242	7	165
	voor	0.0420168067227	5	119
	announced	0.0416666666667	6	144
	cmon	0.0406976744186	7	172
	tbh	0.0406504065041	5	123
	swimming	0.0405405405405	6	148
	flight	0.0403846153846	21	520
	pumped	0.04	5	125
	feeling	0.0398295665061	215	5398
	super	0.0395256916996	70	1771
	allen	0.0392156862745	4	102
	relaxed	0.0392156862745	4	102
	stress	0.039156626506	13	332
	improve	0.0390625	5	128
	journey	0.0388349514563	8	206
	wooo	0.0388349514563	4	103
	route	0.0388349514563	4	103
	breathe	0.0384615384615	6	156
	finale	0.0384615384615	5	130
	license	0.0384615384615	4	104
	tmr	0.0384615384615	4	104
	delivery	0.0384615384615	5	130
	understanding	0.0381679389313	5	131
	stomach	0.0379241516966	19	501
	became	0.0378787878788	5	132
	somehow	0.0378151260504	9	238
	cuts	0.0377358490566	4	106
	sooooooo	0.0375939849624	5	133
	het	0.0375	6	160
	adventure	0.0375	6	160
	staring	0.0373831775701	4	107
	hands	0.0371845949535	28	753
	jumping	0.037037037037	4	108
