VA:
	themeleon	1.0	105	105
	virii	0.994252873563	173	174
	denials	0.994252873563	173	174
	colourlovers	0.946428571429	106	112
	queued	0.940540540541	174	185
	overs	0.869090909091	239	275
	fours	0.825688073394	90	109
	riddance	0.802469135802	130	162
	whas	0.790322580645	98	124
	gmt	0.786885245902	192	244
	pips	0.783933518006	283	361
	luck	0.760363233051	10969	14426
	watz	0.759036144578	126	166
	wuts	0.737556561086	163	221
	wats	0.726491862568	1607	2212
	wass	0.724264705882	197	272
	tweople	0.69014084507	98	142
	deed	0.688405797101	190	276
	grief	0.681704260652	272	399
	morning	0.674352197819	22199	32919
	mornin	0.669082125604	831	1242
	twitterworld	0.660377358491	70	106
	tweeties	0.650602409639	162	249
	twitterville	0.649769585253	141	217
	tweethearts	0.644144144144	143	222
	tilt	0.639784946237	119	186
	vibes	0.63196125908	261	413
	twitterland	0.609467455621	103	169
	christmas	0.608465608466	7360	12096
	mafialife	0.605839416058	83	137
	receiver	0.604519774011	107	177
	wus	0.603351955307	108	179
	feliz	0.593220338983	70	118
	impressions	0.582781456954	88	151
	twiggas	0.563876651982	128	227
	tweetmyjobs	0.554621848739	66	119
	fashioned	0.546666666667	82	150
	intentions	0.545774647887	155	284
	whts	0.544871794872	85	156
	length	0.536992840095	225	419
	twitterverse	0.535580524345	143	267
	eurusd	0.528846153846	110	208
	tweeps	0.527665317139	782	1482
	dias	0.525862068966	61	116
	todos	0.522727272727	69	132
	deeds	0.521008403361	62	119
	theresnothinglike	0.518181818182	57	110
	ole	0.514324693042	377	733
	completing	0.514285714286	54	105
	listing	0.508500772798	329	647
	1080p	0.508196721311	62	122
	spoiler	0.504918032787	154	305
	tidur	0.503649635036	69	137
	angle	0.501872659176	134	267
	sexiest	0.501519756839	165	329
	afternoon	0.4997212932	1793	3588
	xmas	0.498577524893	1402	2812
	optical	0.495726495726	58	117
	amber	0.49012567325	273	557
	condition	0.484794275492	271	559
	ol	0.480924855491	832	1730
	evening	0.480362537764	1590	3310
	tweeples	0.478571428571	67	140
	twitterers	0.47619047619	50	105
	sounds	0.474799286351	4258	8968
	surprises	0.466666666667	112	240
	eclipse	0.461139896373	178	386
	inventory	0.461077844311	77	167
	jolly	0.456043956044	83	182
	wide	0.455583126551	918	2015
	whats	0.455274385758	6189	13594
	consultant	0.453987730061	74	163
	surprisingly	0.453271028037	194	428
	feeln	0.451923076923	47	104
	archive	0.45	63	140
	awake	0.448160535117	1206	2691
	tastes	0.441930618401	293	663
	blessed	0.437166793602	574	1313
	recommendations	0.436893203883	90	206
	night	0.436402104618	15676	35921
	blake	0.434628975265	123	283
	nite	0.433077830189	1469	3392
	measure	0.430463576159	130	302
	feels	0.429261312824	2400	5591
	gbpusd	0.428571428571	45	105
	hbu	0.42774566474	74	173
	wbu	0.42735042735	100	234
	nytimes	0.42600896861	95	223
	buried	0.423728813559	100	236
	tasted	0.422580645161	131	310
	gizmodo	0.421487603306	51	121
	tweeters	0.421276595745	297	705
	waz	0.42	126	300
	pak	0.419847328244	55	131
	lookin	0.419494584838	1162	2770
	morn	0.419098143236	158	377
	curb	0.418502202643	95	227
	bom	0.41726618705	58	139
	eve	0.414931801866	578	1393
	hari	0.412587412587	118	286
F:
	gangstaz	1.0	165	165
	winnla	1.0	118	118
	kpa	1.0	161	161
	themeleon	1.0	105	105
	pinged	1.0	111	111
	getmoretweeple	1.0	271	271
	tinychat	0.997931468657	11096	11119
	icopter	0.996527777778	287	288
	3300	0.992424242424	393	396
	adventurer	0.992248062016	128	129
	evaluated	0.992227979275	383	386
	joined	0.99160989602	13828	13945
	lifestream	0.991379310345	115	116
	tweetphoto	0.991107518189	1226	1237
	runkeeper	0.990990990991	220	222
	ltg1	0.990291262136	102	103
	nittolegends	0.98933901919	464	469
	nitto	0.98933901919	464	469
	rarr	0.986486486486	146	148
	bellow	0.986111111111	142	144
	directories	0.985365853659	404	410
	checkem	0.985074626866	132	134
	tweetcloud	0.983783783784	182	185
	1320	0.983333333333	472	480
	colourlovers	0.982142857143	110	112
	mugging	0.981707317073	161	164
	twibe	0.981481481481	106	108
	spymaster	0.978991596639	466	476
	sephoraclaus	0.975609756098	120	123
	burglary	0.975155279503	157	161
	dealsplus	0.973958333333	187	192
	140kingofpop	0.970588235294	165	170
	kmh	0.969543147208	191	197
	mugshot	0.968586387435	185	191
	squidoo	0.967391304348	178	184
	openwebawards	0.966635773865	1043	1079
	tribeswar	0.963470319635	211	219
	140army	0.96265560166	232	241
	badge	0.960929250264	910	947
	chat	0.960889623356	13955	14523
	ousted	0.960365853659	315	328
	voted	0.960255824577	6306	6567
	foursquare	0.959590792839	1876	1955
	snapped	0.956772334294	996	1041
	beadles	0.952755905512	121	127
	appaware	0.952380952381	100	105
	stardoll	0.950598802395	635	668
	feedblitz	0.94498381877	292	309
	yearbook	0.942857142857	198	210
	bode	0.938596491228	107	114
	jamlegend	0.936708860759	148	158
	sephora	0.935483870968	174	186
	directory	0.933408577878	827	886
	activerain	0.932773109244	222	238
	entered	0.932180851064	1402	1504
	generated	0.930555555556	201	216
	defeated	0.926275992439	490	529
	epicpetwars	0.925900747791	1362	1471
	purchased	0.924556213018	625	676
	chaz	0.922330097087	95	103
	coins	0.922033898305	272	295
	nbsp	0.921787709497	495	537
	hypem	0.921507064364	587	637
	gomez	0.913636363636	402	440
	robbery	0.913580246914	148	162
	weekinrewind	0.913461538462	95	104
	assassination	0.913333333333	137	150
	spammers	0.913043478261	294	322
	ninjaclash	0.913043478261	168	184
	legends	0.912068965517	529	580
	preordered	0.911504424779	103	113
	certificates	0.908396946565	119	131
	registered	0.907127429806	420	463
	atcha	0.906666666667	136	150
	lovato	0.906060606061	299	330
	newbie	0.905303030303	239	264
	suite	0.904816513761	789	872
	recieved	0.904761904762	114	126
	mayor	0.904153354633	1132	1252
	guiding	0.903846153846	94	104
	tweeple	0.903345724907	486	538
	whas	0.903225806452	112	124
	1999	0.902800658979	548	607
	riddance	0.901234567901	146	162
	publicly	0.900343642612	262	291
	nominated	0.899433427762	635	706
	twitterland	0.899408284024	152	169
	kiddin	0.899371069182	143	159
	mobsterworld	0.898951781971	2144	2385
	unlocked	0.898876404494	960	1068
	background	0.898815931109	2505	2787
	launched	0.898678414097	612	681
	biebers	0.898336414048	486	541
	published	0.898051948052	1383	1540
	luck	0.897754055178	12951	14426
	wuts	0.89592760181	198	221
	tweople	0.894366197183	127	142
	alls	0.893805309735	202	226
	collect	0.891732283465	453	508
	travels	0.890151515152	470	528
AH:
	iss	0.824626865672	442	536
	battlefield	0.80831408776	350	433
	reflux	0.8	96	120
	romance	0.780809031044	1660	2126
	90999	0.754578754579	206	273
	pharma	0.712962962963	77	108
	notorious	0.710900473934	150	211
	poppa	0.705357142857	79	112
	bang	0.66537966538	1034	1554
	brasil	0.603448275862	70	116
	geting	0.576923076923	60	104
	sasha	0.555555555556	80	144
	theory	0.552631578947	651	1178
	tits	0.550964187328	200	363
	influence	0.529569892473	197	372
	buns	0.522875816993	80	153
	titties	0.492857142857	69	140
	brat	0.491124260355	83	169
	paths	0.485915492958	69	142
	rumble	0.481203007519	64	133
	pimpin	0.477124183007	73	153
	thangs	0.471698113208	50	106
	affordable	0.466666666667	140	300
	niet	0.465625	149	320
	butts	0.463087248322	69	149
	habits	0.459905660377	195	424
	maar	0.458955223881	123	268
	announcement	0.456762749446	206	451
	ups	0.447169811321	474	1060
	nsfw	0.446601941748	92	206
	buffalo	0.445692883895	238	534
	tit	0.445454545455	49	110
	boobs	0.445378151261	265	595
	zo	0.442748091603	58	131
	gettn	0.441780821918	129	292
	booty	0.439024390244	306	697
	loans	0.435597189696	186	427
	getting	0.435122782555	11234	25818
	gettin	0.42974669842	1985	4619
	snowboard	0.429411764706	73	170
	gurls	0.428571428571	57	133
	ik	0.428355957768	284	663
	habit	0.424050632911	201	474
	proceeds	0.423423423423	47	111
	spamming	0.423220973783	113	267
	mal	0.421052631579	56	133
	gagas	0.418118466899	120	287
	pun	0.415151515152	137	330
	breasts	0.415094339623	44	106
	dawg	0.411078717201	141	343
	tadi	0.410071942446	57	139
	ooops	0.409090909091	54	132
	troubles	0.408163265306	80	196
	este	0.407766990291	42	103
	typo	0.40625	91	224
	getn	0.401315789474	61	152
	delay	0.4	178	445
	offend	0.4	56	140
	boobies	0.392156862745	40	102
	heb	0.391304347826	72	184
	fan	0.39027027027	2527	6475
	ego	0.390243902439	144	369
	hug	0.377203290247	642	1702
	ich	0.37668161435	84	223
	rotten	0.375796178344	59	157
	een	0.374149659864	165	441
	juicy	0.37339055794	87	233
	judy	0.371621621622	55	148
	splash	0.371428571429	52	140
	gue	0.370437956204	203	548
	payday	0.369696969697	61	165
	lama	0.369565217391	51	138
	sesame	0.368421052632	42	114
	deal	0.366107931316	1791	4892
	voor	0.365187713311	107	293
	leighton	0.363636363636	40	110
	ahora	0.361904761905	38	105
	horses	0.361878453039	131	362
	mistake	0.360927152318	327	906
	donations	0.36018957346	76	211
	oops	0.36013400335	430	1194
	championships	0.358490566038	38	106
	gaga	0.357951971001	790	2207
	toe	0.356701030928	173	485
	udh	0.356589147287	46	129
	sur	0.35652173913	41	115
	btch	0.355555555556	48	135
	als	0.355263157895	54	152
	suka	0.353982300885	40	113
	cock	0.353728489484	185	523
	grammar	0.352542372881	104	295
	sih	0.351063829787	66	188
	credit	0.350453172205	696	1986
	stinks	0.348936170213	82	235
	agora	0.348484848485	46	132
	mijn	0.347107438017	42	121
	papi	0.346153846154	36	104
	ook	0.34554973822	66	191
	banks	0.345114345114	166	481
	baru	0.345	69	200
DD:
	pleads	0.979885057471	341	348
	plead	0.840336134454	100	119
	battlefield	0.812933025404	352	433
	housewives	0.794277929155	583	734
	romance	0.79115710254	1682	2126
	violets	0.786324786325	92	117
	betty	0.726333907057	422	581
	carb	0.724719101124	129	178
	virginity	0.698795180723	116	166
	couture	0.686046511628	118	172
	symbol	0.618461538462	201	325
	pleasures	0.606557377049	74	122
	esteem	0.606060606061	100	165
	jays	0.592592592593	160	270
	plea	0.575471698113	61	106
	condolences	0.57264957265	67	117
	ludacris	0.547058823529	93	170
	che	0.539130434783	62	115
	glow	0.53488372093	161	301
	cest	0.529411764706	54	102
	partly	0.516981132075	137	265
	ridge	0.509316770186	82	161
	loans	0.496487119438	212	427
	influence	0.491935483871	183	372
	coyote	0.490566037736	52	106
	jackets	0.487903225806	121	248
	calorie	0.48623853211	53	109
	agora	0.484848484848	64	132
	tadi	0.482014388489	67	139
	habits	0.47641509434	202	424
	rates	0.473684210526	234	494
	void	0.471428571429	66	140
	vou	0.469696969697	93	198
	niet	0.46875	150	320
	mercury	0.467741935484	116	248
	cloudy	0.466424682396	257	551
	sawyer	0.460784313725	47	102
	gagas	0.459930313589	132	287
	knight	0.459165154265	253	551
	ribbon	0.456989247312	85	186
	skies	0.452127659574	255	564
	locke	0.450980392157	46	102
	spamming	0.449438202247	120	267
	gue	0.448905109489	246	548
	maar	0.44776119403	120	268
	typo	0.446428571429	100	224
	pleasure	0.442222222222	398	900
	habit	0.438818565401	208	474
	gained	0.43661971831	186	426
	lbs	0.435779816514	190	436
	pas	0.433884297521	105	242
	je	0.433460076046	228	526
	mais	0.43216080402	86	199
	aqui	0.429752066116	52	121
	gua	0.42962962963	58	135
	starship	0.419811320755	89	212
	pero	0.418803418803	147	351
	heb	0.41847826087	77	184
	ooops	0.416666666667	55	132
	ik	0.41628959276	276	663
	suka	0.41592920354	47	113
	ver	0.413907284768	125	302
	que	0.411465892598	567	1378
	swayze	0.41	123	300
	terribly	0.40780141844	115	282
	offend	0.407142857143	57	140
	oyster	0.405940594059	41	101
	cult	0.404958677686	49	121
	pra	0.404761904762	102	252
	nonton	0.401515151515	53	132
	pounds	0.399380804954	258	646
	mal	0.398496240602	53	133
	abis	0.394736842105	45	114
	translation	0.393939393939	104	264
	tau	0.392694063927	86	219
	temper	0.391534391534	74	189
	gak	0.389438943894	118	303
	lettertomyex	0.388349514563	40	103
	roses	0.38829787234	146	376
	clouds	0.387423935091	191	493
	gw	0.386956521739	267	690
	meu	0.385057471264	67	174
	wealthy	0.385	77	200
	devils	0.384839650146	132	343
	credibility	0.382352941176	39	102
	leighton	0.381818181818	42	110
	zo	0.381679389313	50	131
	ce	0.380952380952	48	126
	souls	0.38080495356	123	323
	diets	0.380530973451	43	113
	assault	0.380281690141	54	142
	knp	0.37962962963	41	108
	uma	0.377659574468	71	188
	grammar	0.376271186441	111	295
	leave	0.376105191567	3318	8822
	navy	0.375722543353	130	346
	eu	0.375652173913	216	575
	tem	0.373913043478	43	115
	por	0.373205741627	156	418
	prices	0.372340425532	350	940
CB:
	nws	0.657142857143	69	105
	virginity	0.632530120482	105	166
	symbol	0.569230769231	185	325
	stack	0.540901502504	324	599
	admirers	0.508928571429	57	112
	locke	0.470588235294	48	102
	sentiment	0.459016393443	56	122
	sleeve	0.403162055336	102	253
	sawyer	0.382352941176	39	102
	lbs	0.380733944954	166	436
	gbpusd	0.371428571429	39	105
	gained	0.349765258216	149	426
	sleeves	0.345132743363	39	113
	issued	0.33064516129	82	248
	span	0.329032258065	51	155
	pounds	0.325077399381	210	646
	term	0.320914479255	379	1181
	foreclosure	0.311764705882	53	170
	translation	0.299242424242	79	264
	credibility	0.294117647059	30	102
	follower	0.278677900194	430	1543
	appetite	0.257142857143	36	140
	previously	0.246031746032	31	126
	luggage	0.245033112583	37	151
	animated	0.244565217391	45	184
	essays	0.244444444444	44	180
	spoilers	0.235632183908	41	174
	ver	0.235099337748	71	302
	circuit	0.234848484848	31	132
	pbs	0.233644859813	25	107
	shorts	0.230225988701	163	708
	skirt	0.229166666667	77	336
	eurusd	0.221153846154	46	208
	contacts	0.220675944334	111	503
	temper	0.216931216931	41	189
	premiere	0.216572504708	115	531
	vou	0.212121212121	42	198
	recap	0.210332103321	57	271
	weight	0.210306406685	453	2154
	paulocoelho	0.207207207207	23	111
	debit	0.203883495146	21	103
	flashforward	0.198675496689	30	151
	reduced	0.195530726257	35	179
	forex	0.193205944798	91	471
	wallet	0.190839694656	75	393
	juliet	0.186440677966	22	118
	tapes	0.185840707965	21	113
	mojo	0.185483870968	23	124
	npr	0.181208053691	27	149
	trading	0.18	99	550
	shorter	0.177884615385	37	208
	strategies	0.177215189873	28	158
	claire	0.174757281553	36	206
	methods	0.172932330827	23	133
	paradise	0.171806167401	39	227
	loosing	0.171597633136	29	169
	height	0.17032967033	31	182
	monopoly	0.16742081448	37	221
	outage	0.166666666667	18	108
	agora	0.166666666667	22	132
	treasure	0.165384615385	43	260
	taller	0.164285714286	23	140
	fuse	0.163793103448	19	116
	lifes	0.16338028169	116	710
	techniques	0.162337662338	25	154
	stereo	0.161904761905	34	210
	fought	0.161229611041	257	1594
	stories	0.161211129296	197	1222
	postal	0.161016949153	19	118
	diets	0.159292035398	18	113
	method	0.1589958159	38	239
	seasons	0.158836689038	71	447
	souls	0.157894736842	51	323
	omgfacts	0.156923076923	51	325
	proven	0.15625	45	288
	raiders	0.155172413793	45	290
	forecast	0.153473344103	95	619
	falls	0.152941176471	117	765
	url	0.152905198777	50	327
	backgrounds	0.152173913043	35	230
	unemployment	0.149779735683	34	227
	temporarily	0.148760330579	18	121
	05	0.146551724138	17	116
	weigh	0.145161290323	27	186
	film	0.145095581322	463	3191
	tall	0.144192256342	108	749
	pra	0.142857142857	36	252
	attacked	0.142720306513	149	1044
	spike	0.14224137931	33	232
	cst	0.141732283465	18	127
	loss	0.141005702436	272	1929
	browns	0.140740740741	57	405
	recover	0.139344262295	34	244
	endless	0.139240506329	33	237
	teaches	0.139130434783	16	115
	tem	0.139130434783	16	115
	communication	0.139053254438	47	338
	poetry	0.138728323699	48	346
	pips	0.138504155125	50	361
	efficient	0.138461538462	18	130
FI:
	feared	0.508064516129	63	124
	doodlejump	0.498666666667	374	750
	fun140	0.490683229814	316	644
	ranked	0.428756476684	331	772
	redemption	0.428571428571	66	154
	mcqueen	0.352564102564	55	156
	bodies	0.323024054983	94	291
	overall	0.295495495495	328	1110
	presidents	0.291457286432	58	199
	shaun	0.278260869565	64	230
	depp	0.26724137931	62	232
	cube	0.246753246753	95	385
	injured	0.240963855422	100	415
	shooter	0.222972972973	33	148
	achievements	0.222222222222	24	108
	chess	0.220338983051	26	118
	prez	0.21568627451	33	153
	wounded	0.21359223301	44	206
	suspected	0.205128205128	24	117
	drum	0.204861111111	59	288
	drummer	0.202380952381	34	168
	alexander	0.200757575758	53	264
	apocalypse	0.197183098592	28	142
	ap	0.19523099851	262	1342
	calories	0.19298245614	77	399
	jack	0.192206076618	291	1514
	cnnbrk	0.191780821918	28	146
	scored	0.18843199277	417	2213
	afp	0.186507936508	47	252
	grave	0.185628742515	31	167
	myfabolouslife	0.185328185328	48	259
	skipped	0.185022026432	42	227
	grateful	0.184668989547	106	574
	burned	0.183529411765	78	425
	coal	0.181208053691	27	149
	charger	0.181141439206	73	403
	disco	0.179054054054	53	296
	dodgers	0.178707224335	47	263
	raptors	0.178217821782	18	101
	zombie	0.178130511464	101	567
	beatcancer	0.173913043478	32	184
	celtics	0.173228346457	44	254
	lml	0.171521035599	53	309
	dlc	0.168316831683	17	101
	bury	0.166666666667	21	126
	batteries	0.164948453608	32	194
	alive	0.163687150838	293	1790
	breakingnews	0.163636363636	36	220
	diva	0.163346613546	41	251
	taxi	0.162420382166	51	314
	nets	0.161971830986	23	142
	scores	0.161016949153	57	354
	lmmfao	0.160839160839	23	143
	terrorist	0.160839160839	23	143
	explosion	0.159722222222	23	144
	blocks	0.15923566879	50	314
	crash	0.158536585366	208	1312
	innings	0.158415841584	16	101
	utd	0.157894736842	21	133
	pakistan	0.156462585034	46	294
	thriller	0.156424581006	28	179
	steelers	0.151960784314	62	408
	werd	0.151515151515	20	132
	lmfaoooo	0.151351351351	28	185
	malcolm	0.150442477876	17	113
	hawks	0.15	36	240
	madden	0.149812734082	40	267
	rising	0.149625935162	60	401
	phillies	0.149456521739	55	368
	charts	0.148717948718	29	195
	rockies	0.148514851485	15	101
	sunrise	0.148288973384	39	263
	dawn	0.144963144963	59	407
	zombies	0.143958868895	56	389
	swayze	0.143333333333	43	300
	downhill	0.142857142857	20	140
	mayweather	0.142857142857	16	112
	amc	0.141509433962	15	106
	beating	0.141379310345	82	580
	battery	0.141121495327	151	1070
	mentally	0.140684410646	37	263
	lmaooooo	0.140495867769	17	121
	osu	0.140127388535	22	157
	spurs	0.139013452915	31	223
	clippers	0.138888888889	15	108
	azz	0.138643067847	47	339
	vikings	0.138392857143	62	448
	suicide	0.137026239067	47	343
	earnings	0.136690647482	19	139
	reuters	0.136363636364	78	572
	thirty	0.136363636364	18	132
	shooting	0.135557872784	130	959
	stanford	0.135135135135	15	111
	saints	0.134558823529	183	1360
	freestyle	0.134199134199	31	231
	thousands	0.132701421801	56	422
	rockets	0.132231404959	16	121
	emotionally	0.131944444444	19	144
	knicks	0.131455399061	28	213
	freaks	0.131274131274	34	259
TA:
	socially	0.330357142857	37	112
	breakdown	0.257142857143	54	210
	breed	0.220338983051	39	177
	comedian	0.186170212766	35	188
	boredom	0.167364016736	40	239
	kris	0.157099697885	52	331
	rabbit	0.150170648464	44	293
	laughter	0.146341463415	60	410
	situations	0.145390070922	41	282
	allen	0.130841121495	56	428
	turtle	0.13	26	200
	syndrome	0.118343195266	20	169
	uncomfortable	0.113445378151	27	238
	hunger	0.0964912280702	22	228
	slowly	0.0898550724638	62	690
	moments	0.0881953867028	65	737
	anxiety	0.0881355932203	26	295
	wreck	0.0865921787709	31	358
	silence	0.0844370860927	51	604
	omgthatssotrue	0.0842105263158	16	190
	joshua	0.0825688073394	9	109
	anxious	0.0809523809524	17	210
	anticipation	0.08	10	125
	needles	0.0769230769231	9	117
	brb	0.0760869565217	28	368
	aquarius	0.0723684210526	11	152
	haunted	0.0693641618497	12	173
	slightly	0.0668934240363	59	882
	hospitals	0.0654205607477	7	107
	nelly	0.0642201834862	7	109
	butterflies	0.0641025641026	10	156
	dennis	0.063829787234	9	141
	charger	0.0620347394541	25	403
	presenting	0.062015503876	8	129
	conversations	0.0616438356164	18	292
	tension	0.0608695652174	7	115
	laughing	0.0598444045482	100	1671
	idothat2	0.0592334494774	17	287
	cue	0.0588235294118	8	136
	relieved	0.0583941605839	8	137
	batteries	0.0567010309278	11	194
	unsure	0.0566037735849	6	106
	laughin	0.0561403508772	16	285
	shaking	0.0557029177719	21	377
	haitians	0.0550458715596	6	109
	naar	0.0547945205479	8	146
	bbcqt	0.0546875	7	128
	terrified	0.0540540540541	8	148
	excitement	0.0534759358289	20	374
	patients	0.0532786885246	13	244
	calm	0.0529344073648	46	869
	idoit2	0.0524861878453	19	362
	achieve	0.052380952381	11	210
	drs	0.0522388059701	7	134
	nog	0.0521739130435	12	230
	omgg	0.0521739130435	6	115
	wel	0.0504587155963	11	218
	acceptance	0.0504201680672	6	119
	midterms	0.0490196078431	5	102
	afraid	0.048839071257	61	1249
	eek	0.047619047619	8	168
	rides	0.046875	9	192
	zo	0.0458015267176	6	131
	2003	0.0451612903226	7	155
	jean	0.0450819672131	11	244
	stall	0.045045045045	5	111
	elevator	0.0440528634361	10	227
	dances	0.0440251572327	7	159
	excited	0.0440239790184	235	5338
	position	0.0440165061898	32	727
	rn	0.0438596491228	5	114
	zijn	0.0434782608696	5	115
	joan	0.0431034482759	5	116
	een	0.0430839002268	19	441
	refreshed	0.0429447852761	7	163
	dental	0.0428571428571	6	140
	stiff	0.0428571428571	6	140
	flirting	0.0426829268293	7	164
	gasp	0.0425531914894	6	141
	sins	0.0425531914894	6	141
	wherever	0.042471042471	11	259
	segment	0.0421686746988	7	166
	battery	0.0420560747664	45	1070
	clowns	0.0420168067227	5	119
	ahhhhh	0.041825095057	11	263
	atmosphere	0.0416666666667	8	192
	mms	0.0416666666667	7	168
	scandal	0.0413223140496	5	121
	strangers	0.0412371134021	12	291
	screams	0.041095890411	6	146
	sweating	0.0409836065574	5	122
	pause	0.0408163265306	14	343
	stressed	0.0406976744186	21	516
	connections	0.0406976744186	7	172
	practically	0.0402010050251	8	199
	capricorn	0.04	5	125
	overly	0.04	6	150
	interview	0.0399061032864	102	2556
	nervous	0.0397275822928	35	881
	incredibly	0.0395833333333	19	480
